23.313708498984795	23.313708498984795
33.26345596729061	13.363961030678922
9.24264068711932	3.4142135623731633
19.192388155425192	27.435028842544398
29.14213562373095	17.48528137423864
5.12132034355966	7.535533905932766
15.071067811865532	31.556349186104057
25.02081528017129	21.606601717798213
1.0000000000001137	11.656854249492397
10.949747468305986	1.7071067811865817
20.89949493661163	25.727922061357873
30.849242404917618	15.778174593052029
6.828427124746327	5.828427124746199
16.778174593052086	29.849242404917504
26.727922061357845	19.899494936611667
2.7071067811865532	9.949747468305834
12.656854249492426	0.
22.6066017177983	24.020815280171302
3.4142135623731633	23.313708498984795
13.363961030678922	13.363961030678922
23.313708498984795	3.4142135623731633
33.26345596729061	27.435028842544398
9.24264068711932	17.48528137423864
19.192388155425192	7.535533905932766
29.14213562373095	31.556349186104057
5.12132034355966	21.606601717798213
15.071067811865532	11.656854249492397
25.02081528017129	1.7071067811865817
1.0000000000001137	25.727922061357873
10.949747468305986	15.778174593052029
20.89949493661163	5.828427124746199
30.849242404917618	29.849242404917504
6.828427124746327	19.899494936611667
16.778174593052086	9.949747468305834
26.727922061357845	0.
2.7071067811865532	24.020815280171302
12.656854249492426	14.071067811865468
22.6066017177983	4.121320343559631
17.48528137423864	23.313708498984795
27.435028842544398	13.363961030678922
3.4142135623731633	3.4142135623731633
13.363961030678922	27.435028842544398
23.313708498984795	17.48528137423864
33.26345596729061	7.535533905932766
9.24264068711932	31.556349186104057
19.192388155425192	21.606601717798213
29.14213562373095	11.656854249492397
5.12132034355966	1.7071067811865817
15.071067811865532	25.727922061357873
25.02081528017129	15.778174593052029
1.0000000000001137	5.828427124746199
10.949747468305986	29.849242404917504
20.89949493661163	19.899494936611667
30.849242404917618	9.949747468305834
6.828427124746327	0.
16.778174593052086	24.020815280171302
26.727922061357845	14.071067811865468
2.7071067811865532	4.121320343559631
12.656854249492426	28.142135623730937
22.6066017177983	18.192388155425107
31.556349186104057	23.313708498984795
7.535533905932766	13.363961030678922
17.48528137423864	3.4142135623731633
27.435028842544398	27.435028842544398
3.4142135623731633	17.48528137423864
13.363961030678922	7.535533905932766
23.313708498984795	31.556349186104057
33.26345596729061	21.606601717798213
9.24264068711932	11.656854249492397
19.192388155425192	1.7071067811865817
29.14213562373095	25.727922061357873
5.12132034355966	15.778174593052029
15.071067811865532	5.828427124746199
25.02081528017129	29.849242404917504
1.0000000000001137	19.899494936611667
10.949747468305986	9.949747468305834
20.89949493661163	0.
30.849242404917618	24.020815280171302
6.828427124746327	14.071067811865468
16.778174593052086	4.121320343559631
26.727922061357845	28.142135623730937
2.7071067811865532	18.192388155425107
12.656854249492426	8.242640687119263
22.6066017177983	32.263455967290554
11.656854249492397	23.313708498984795
21.606601717798213	13.363961030678922
31.556349186104057	3.4142135623731633
7.535533905932766	27.435028842544398
17.48528137423864	17.48528137423864
27.435028842544398	7.535533905932766
3.4142135623731633	31.556349186104057
13.363961030678922	21.606601717798213
23.313708498984795	11.656854249492397
33.26345596729061	1.7071067811865817
9.24264068711932	25.727922061357873
19.192388155425192	15.778174593052029
29.14213562373095	5.828427124746199
5.12132034355966	29.849242404917504
15.071067811865532	19.899494936611667
25.02081528017129	9.949747468305834
1.0000000000001137	0.
10.949747468305986	24.020815280171302
20.89949493661163	14.071067811865468
30.849242404917618	4.121320343559631
6.828427124746327	28.142135623730937
16.778174593052086	18.192388155425107
26.727922061357845	8.242640687119263
2.7071067811865532	32.263455967290554
12.656854249492426	22.313708498984738
22.6066017177983	12.363961030678922
25.727922061357873	23.313708498984795
1.7071067811865817	13.363961030678922
11.656854249492397	3.4142135623731633
21.606601717798213	27.435028842544398
31.556349186104057	17.48528137423864
7.535533905932766	7.535533905932766
17.48528137423864	31.556349186104057
27.435028842544398	21.606601717798213
3.4142135623731633	11.656854249492397
13.363961030678922	1.7071067811865817
23.313708498984795	25.727922061357873
33.26345596729061	15.778174593052029
9.24264068711932	5.828427124746199
19.192388155425192	29.849242404917504
29.14213562373095	19.899494936611667
5.12132034355966	9.949747468305834
15.071067811865532	0.
25.02081528017129	24.020815280171302
1.0000000000001137	14.071067811865468
10.949747468305986	4.121320343559631
20.89949493661163	28.142135623730937
30.849242404917618	18.192388155425107
6.828427124746327	8.242640687119263
16.778174593052086	32.263455967290554
26.727922061357845	22.313708498984738
2.7071067811865532	12.363961030678922
12.656854249492426	2.414213562373078
22.6066017177983	26.43502884254437
5.828427124746199	23.313708498984795
15.778174593052029	13.363961030678922
25.727922061357873	3.4142135623731633
1.7071067811865817	27.435028842544398
11.656854249492397	17.48528137423864
21.606601717798213	7.535533905932766
31.556349186104057	31.556349186104057
7.535533905932766	21.606601717798213
17.48528137423864	11.656854249492397
27.435028842544398	1.7071067811865817
3.4142135623731633	25.727922061357873
13.363961030678922	15.778174593052029
23.313708498984795	5.828427124746199
33.26345596729061	29.849242404917504
9.24264068711932	19.899494936611667
19.192388155425192	9.949747468305834
29.14213562373095	0.
5.12132034355966	24.020815280171302
15.071067811865532	14.071067811865468
25.02081528017129	4.121320343559631
1.0000000000001137	28.142135623730937
10.949747468305986	18.192388155425107
20.89949493661163	8.242640687119263
30.849242404917618	32.263455967290554
6.828427124746327	22.313708498984738
16.778174593052086	12.363961030678922
26.727922061357845	2.414213562373078
2.7071067811865532	26.43502884254437
12.656854249492426	16.485281374238525
22.6066017177983	6.535533905932709
19.899494936611667	23.313708498984795
29.849242404917504	13.363961030678922
5.828427124746199	3.4142135623731633
15.778174593052029	27.435028842544398
25.727922061357873	17.48528137423864
1.7071067811865817	7.535533905932766
11.656854249492397	31.556349186104057
21.606601717798213	21.606601717798213
31.556349186104057	11.656854249492397
7.535533905932766	1.7071067811865817
17.48528137423864	25.727922061357873
27.435028842544398	15.778174593052029
3.4142135623731633	5.828427124746199
13.363961030678922	29.849242404917504
23.313708498984795	19.899494936611667
33.26345596729061	9.949747468305834
9.24264068711932	0.
19.192388155425192	24.020815280171302
29.14213562373095	14.071067811865468
5.12132034355966	4.121320343559631
15.071067811865532	28.142135623730937
25.02081528017129	18.192388155425107
1.0000000000001137	8.242640687119263
10.949747468305986	32.263455967290554
20.89949493661163	22.313708498984738
30.849242404917618	12.363961030678922
6.828427124746327	2.414213562373078
16.778174593052086	26.43502884254437
26.727922061357845	16.485281374238525
2.7071067811865532	6.535533905932709
12.656854249492426	30.556349186103944
22.6066017177983	20.606601717798185
0.	23.313708498984795
9.949747468305834	13.363961030678922
19.899494936611667	3.4142135623731633
29.849242404917504	27.435028842544398
5.828427124746199	17.48528137423864
15.778174593052029	7.535533905932766
25.727922061357873	31.556349186104057
1.7071067811865817	21.606601717798213
11.656854249492397	11.656854249492397
21.606601717798213	1.7071067811865817
31.556349186104057	25.727922061357873
7.535533905932766	15.778174593052029
17.48528137423864	5.828427124746199
27.435028842544398	29.849242404917504
3.4142135623731633	19.899494936611667
13.363961030678922	9.949747468305834
23.313708498984795	0.
33.26345596729061	24.020815280171302
9.24264068711932	14.071067811865468
19.192388155425192	4.121320343559631
29.14213562373095	28.142135623730937
5.12132034355966	18.192388155425107
15.071067811865532	8.242640687119263
25.02081528017129	32.263455967290554
1.0000000000001137	22.313708498984738
10.949747468305986	12.363961030678922
20.89949493661163	2.414213562373078
30.849242404917618	26.43502884254437
6.828427124746327	16.485281374238525
16.778174593052086	6.535533905932709
26.727922061357845	30.556349186103944
2.7071067811865532	20.606601717798185
12.656854249492426	10.656854249492369
22.6066017177983	0.7071067811865532
14.071067811865468	23.313708498984795
24.020815280171302	13.363961030678922
0.	3.4142135623731633
9.949747468305834	27.435028842544398
19.899494936611667	17.48528137423864
29.849242404917504	7.535533905932766
5.828427124746199	31.556349186104057
15.778174593052029	21.606601717798213
25.727922061357873	11.656854249492397
1.7071067811865817	1.7071067811865817
11.656854249492397	25.727922061357873
21.606601717798213	15.778174593052029
31.556349186104057	5.828427124746199
7.535533905932766	29.849242404917504
17.48528137423864	19.899494936611667
27.435028842544398	9.949747468305834
3.4142135623731633	0.
13.363961030678922	24.020815280171302
23.313708498984795	14.071067811865468
33.26345596729061	4.121320343559631
9.24264068711932	28.142135623730937
19.192388155425192	18.192388155425107
29.14213562373095	8.242640687119263
5.12132034355966	32.263455967290554
15.071067811865532	22.313708498984738
25.02081528017129	12.363961030678922
1.0000000000001137	2.414213562373078
10.949747468305986	26.43502884254437
20.89949493661163	16.485281374238525
30.849242404917618	6.535533905932709
6.828427124746327	30.556349186103944
16.778174593052086	20.606601717798185
26.727922061357845	10.656854249492369
2.7071067811865532	0.7071067811865532
12.656854249492426	24.727922061357845
22.6066017177983	14.778174593051915
28.142135623730937	23.313708498984795
4.121320343559631	13.363961030678922
14.071067811865468	3.4142135623731633
24.020815280171302	27.435028842544398
0.	17.48528137423864
9.949747468305834	7.535533905932766
19.899494936611667	31.556349186104057
29.849242404917504	21.606601717798213
5.828427124746199	11.656854249492397
15.778174593052029	1.7071067811865817
25.727922061357873	25.727922061357873
1.7071067811865817	15.778174593052029
11.656854249492397	5.828427124746199
21.606601717798213	29.849242404917504
31.556349186104057	19.899494936611667
7.535533905932766	9.949747468305834
17.48528137423864	0.
27.435028842544398	24.020815280171302
3.4142135623731633	14.071067811865468
13.363961030678922	4.121320343559631
23.313708498984795	28.142135623730937
33.26345596729061	18.192388155425107
9.24264068711932	8.242640687119263
19.192388155425192	32.263455967290554
29.14213562373095	22.313708498984738
5.12132034355966	12.363961030678922
15.071067811865532	2.414213562373078
25.02081528017129	26.43502884254437
1.0000000000001137	16.485281374238525
10.949747468305986	6.535533905932709
20.89949493661163	30.556349186103944
30.849242404917618	20.606601717798185
6.828427124746327	10.656854249492369
16.778174593052086	0.7071067811865532
26.727922061357845	24.727922061357845
2.7071067811865532	14.778174593051915
12.656854249492426	4.828427124746156
22.6066017177983	28.849242404917447
8.242640687119263	23.313708498984795
18.192388155425107	13.363961030678922
28.142135623730937	3.4142135623731633
4.121320343559631	27.435028842544398
14.071067811865468	17.48528137423864
24.020815280171302	7.535533905932766
0.	31.556349186104057
9.949747468305834	21.606601717798213
19.899494936611667	11.656854249492397
29.849242404917504	1.7071067811865817
5.828427124746199	25.727922061357873
15.778174593052029	15.778174593052029
25.727922061357873	5.828427124746199
1.7071067811865817	29.849242404917504
11.656854249492397	19.899494936611667
21.606601717798213	9.949747468305834
31.556349186104057	0.
7.535533905932766	24.020815280171302
17.48528137423864	14.071067811865468
27.435028842544398	4.121320343559631
3.4142135623731633	28.142135623730937
13.363961030678922	18.192388155425107
23.313708498984795	8.242640687119263
33.26345596729061	32.263455967290554
9.24264068711932	22.313708498984738
19.192388155425192	12.363961030678922
29.14213562373095	2.414213562373078
5.12132034355966	26.43502884254437
15.071067811865532	16.485281374238525
25.02081528017129	6.535533905932709
1.0000000000001137	30.556349186103944
10.949747468305986	20.606601717798185
20.89949493661163	10.656854249492369
30.849242404917618	0.7071067811865532
6.828427124746327	24.727922061357845
16.778174593052086	14.778174593051915
26.727922061357845	4.828427124746156
2.7071067811865532	28.849242404917447
12.656854249492426	18.89949493661163
22.6066017177983	8.949747468305873
22.313708498984738	23.313708498984795
32.263455967290554	13.363961030678922
8.242640687119263	3.4142135623731633
18.192388155425107	27.435028842544398
28.142135623730937	17.48528137423864
4.121320343559631	7.535533905932766
14.071067811865468	31.556349186104057
24.020815280171302	21.606601717798213
0.	11.656854249492397
9.949747468305834	1.7071067811865817
19.899494936611667	25.727922061357873
29.849242404917504	15.778174593052029
5.828427124746199	5.828427124746199
15.778174593052029	29.849242404917504
25.727922061357873	19.899494936611667
1.7071067811865817	9.949747468305834
11.656854249492397	0.
21.606601717798213	24.020815280171302
31.556349186104057	14.071067811865468
7.535533905932766	4.121320343559631
17.48528137423864	28.142135623730937
27.435028842544398	18.192388155425107
3.4142135623731633	8.242640687119263
13.363961030678922	32.263455967290554
23.313708498984795	22.313708498984738
33.26345596729061	12.363961030678922
9.24264068711932	2.414213562373078
19.192388155425192	26.43502884254437
29.14213562373095	16.485281374238525
5.12132034355966	6.535533905932709
15.071067811865532	30.556349186103944
25.02081528017129	20.606601717798185
1.0000000000001137	10.656854249492369
10.949747468305986	0.7071067811865532
20.89949493661163	24.727922061357845
30.849242404917618	14.778174593051915
6.828427124746327	4.828427124746156
16.778174593052086	28.849242404917447
26.727922061357845	18.89949493661163
2.7071067811865532	8.949747468305873
12.656854249492426	32.97056274847705
12.363961030678922	13.363961030678922
22.313708498984738	3.4142135623731633
32.263455967290554	27.435028842544398
8.242640687119263	17.48528137423864
18.192388155425107	7.535533905932766
28.142135623730937	31.556349186104057
4.121320343559631	21.606601717798213
14.071067811865468	11.656854249492397
24.020815280171302	1.7071067811865817
0.	25.727922061357873
9.949747468305834	15.778174593052029
19.899494936611667	5.828427124746199
29.849242404917504	29.849242404917504
5.828427124746199	19.899494936611667
15.778174593052029	9.949747468305834
25.727922061357873	0.
1.7071067811865817	24.020815280171302
11.656854249492397	14.071067811865468
21.606601717798213	4.121320343559631
31.556349186104057	28.142135623730937
7.535533905932766	18.192388155425107
17.48528137423864	8.242640687119263
27.435028842544398	32.263455967290554
3.4142135623731633	22.313708498984738
13.363961030678922	12.363961030678922
23.313708498984795	2.414213562373078
33.26345596729061	26.43502884254437
9.24264068711932	16.485281374238525
19.192388155425192	6.535533905932709
29.14213562373095	30.556349186103944
5.12132034355966	20.606601717798185
15.071067811865532	10.656854249492369
25.02081528017129	0.7071067811865532
1.0000000000001137	24.727922061357845
10.949747468305986	14.778174593051915
20.89949493661163	4.828427124746156
30.849242404917618	28.849242404917447
6.828427124746327	18.89949493661163
16.778174593052086	8.949747468305873
26.727922061357845	32.97056274847705
2.7071067811865532	23.020815280171178
2.414213562373078	3.4142135623731633
12.363961030678922	27.435028842544398
22.313708498984738	17.48528137423864
32.263455967290554	7.535533905932766
8.242640687119263	31.556349186104057
18.192388155425107	21.606601717798213
28.142135623730937	11.656854249492397
4.121320343559631	1.7071067811865817
14.071067811865468	25.727922061357873
24.020815280171302	15.778174593052029
0.	5.828427124746199
9.949747468305834	29.849242404917504
19.899494936611667	19.899494936611667
29.849242404917504	9.949747468305834
5.828427124746199	0.
15.778174593052029	24.020815280171302
25.727922061357873	14.071067811865468
1.7071067811865817	4.121320343559631
11.656854249492397	28.142135623730937
21.606601717798213	18.192388155425107
31.556349186104057	8.242640687119263
7.535533905932766	32.263455967290554
17.48528137423864	22.313708498984738
27.435028842544398	12.363961030678922
3.4142135623731633	2.414213562373078
13.363961030678922	26.43502884254437
23.313708498984795	16.485281374238525
33.26345596729061	6.535533905932709
9.24264068711932	30.556349186103944
19.192388155425192	20.606601717798185
29.14213562373095	10.656854249492369
5.12132034355966	0.7071067811865532
15.071067811865532	24.727922061357845
25.02081528017129	14.778174593051915
1.0000000000001137	4.828427124746156
10.949747468305986	28.849242404917447
20.89949493661163	18.89949493661163
30.849242404917618	8.949747468305873
6.828427124746327	32.97056274847705
16.778174593052086	23.020815280171178
26.727922061357845	13.071067811865419
26.43502884254437	27.435028842544398
2.414213562373078	17.48528137423864
12.363961030678922	7.535533905932766
22.313708498984738	31.556349186104057
32.263455967290554	21.606601717798213
8.242640687119263	11.656854249492397
18.192388155425107	1.7071067811865817
28.142135623730937	25.727922061357873
4.121320343559631	15.778174593052029
14.071067811865468	5.828427124746199
24.020815280171302	29.849242404917504
0.	19.899494936611667
9.949747468305834	9.949747468305834
19.899494936611667	0.
29.849242404917504	24.020815280171302
5.828427124746199	14.071067811865468
15.778174593052029	4.121320343559631
25.727922061357873	28.142135623730937
1.7071067811865817	18.192388155425107
11.656854249492397	8.242640687119263
21.606601717798213	32.263455967290554
31.556349186104057	22.313708498984738
7.535533905932766	12.363961030678922
17.48528137423864	2.414213562373078
27.435028842544398	26.43502884254437
3.4142135623731633	16.485281374238525
13.363961030678922	6.535533905932709
23.313708498984795	30.556349186103944
33.26345596729061	20.606601717798185
9.24264068711932	10.656854249492369
19.192388155425192	0.7071067811865532
29.14213562373095	24.727922061357845
5.12132034355966	14.778174593051915
15.071067811865532	4.828427124746156
25.02081528017129	28.849242404917447
1.0000000000001137	18.89949493661163
10.949747468305986	8.949747468305873
20.89949493661163	32.97056274847705
30.849242404917618	23.020815280171178
6.828427124746327	13.071067811865419
16.778174593052086	3.121320343559546
16.485281374238525	17.48528137423864
26.43502884254437	7.535533905932766
2.414213562373078	31.556349186104057
12.363961030678922	21.606601717798213
22.313708498984738	11.656854249492397
32.263455967290554	1.7071067811865817
8.242640687119263	25.727922061357873
18.192388155425107	15.778174593052029
28.142135623730937	5.828427124746199
4.121320343559631	29.849242404917504
14.071067811865468	19.899494936611667
24.020815280171302	9.949747468305834
0.	0.
9.949747468305834	24.020815280171302
19.899494936611667	14.071067811865468
29.849242404917504	4.121320343559631
5.828427124746199	28.142135623730937
15.778174593052029	18.192388155425107
25.727922061357873	8.242640687119263
1.7071067811865817	32.263455967290554
11.656854249492397	22.313708498984738
21.606601717798213	12.363961030678922
31.556349186104057	2.414213562373078
7.535533905932766	26.43502884254437
17.48528137423864	16.485281374238525
27.435028842544398	6.535533905932709
3.4142135623731633	30.556349186103944
13.363961030678922	20.606601717798185
23.313708498984795	10.656854249492369
33.26345596729061	0.7071067811865532
9.24264068711932	24.727922061357845
19.192388155425192	14.778174593051915
29.14213562373095	4.828427124746156
5.12132034355966	28.849242404917447
15.071067811865532	18.89949493661163
25.02081528017129	8.949747468305873
1.0000000000001137	32.97056274847705
10.949747468305986	23.020815280171178
20.89949493661163	13.071067811865419
30.849242404917618	3.121320343559546
6.828427124746327	27.142135623730837
6.535533905932709	7.535533905932766
16.485281374238525	31.556349186104057
26.43502884254437	21.606601717798213
2.414213562373078	11.656854249492397
12.363961030678922	1.7071067811865817
22.313708498984738	25.727922061357873
32.263455967290554	15.778174593052029
8.242640687119263	5.828427124746199
18.192388155425107	29.849242404917504
28.142135623730937	19.899494936611667
4.121320343559631	9.949747468305834
14.071067811865468	0.
24.020815280171302	24.020815280171302
0.	14.071067811865468
9.949747468305834	4.121320343559631
19.899494936611667	28.142135623730937
29.849242404917504	18.192388155425107
5.828427124746199	8.242640687119263
15.778174593052029	32.263455967290554
25.727922061357873	22.313708498984738
1.7071067811865817	12.363961030678922
11.656854249492397	2.414213562373078
21.606601717798213	26.43502884254437
31.556349186104057	16.485281374238525
7.535533905932766	6.535533905932709
17.48528137423864	30.556349186103944
27.435028842544398	20.606601717798185
3.4142135623731633	10.656854249492369
13.363961030678922	0.7071067811865532
23.313708498984795	24.727922061357845
33.26345596729061	14.778174593051915
9.24264068711932	4.828427124746156
19.192388155425192	28.849242404917447
29.14213562373095	18.89949493661163
5.12132034355966	8.949747468305873
15.071067811865532	32.97056274847705
25.02081528017129	23.020815280171178
1.0000000000001137	13.071067811865419
10.949747468305986	3.121320343559546
20.89949493661163	27.142135623730837
30.849242404917618	17.19238815542508
30.556349186103944	31.556349186104057
6.535533905932709	21.606601717798213
16.485281374238525	11.656854249492397
26.43502884254437	1.7071067811865817
2.414213562373078	25.727922061357873
12.363961030678922	15.778174593052029
22.313708498984738	5.828427124746199
32.263455967290554	29.849242404917504
8.242640687119263	19.899494936611667
18.192388155425107	9.949747468305834
28.142135623730937	0.
4.121320343559631	24.020815280171302
14.071067811865468	14.071067811865468
24.020815280171302	4.121320343559631
0.	28.142135623730937
9.949747468305834	18.192388155425107
19.899494936611667	8.242640687119263
29.849242404917504	32.263455967290554
5.828427124746199	22.313708498984738
15.778174593052029	12.363961030678922
25.727922061357873	2.414213562373078
1.7071067811865817	26.43502884254437
11.656854249492397	16.485281374238525
21.606601717798213	6.535533905932709
31.556349186104057	30.556349186103944
7.535533905932766	20.606601717798185
17.48528137423864	10.656854249492369
27.435028842544398	0.7071067811865532
3.4142135623731633	24.727922061357845
13.363961030678922	14.778174593051915
23.313708498984795	4.828427124746156
33.26345596729061	28.849242404917447
9.24264068711932	18.89949493661163
19.192388155425192	8.949747468305873
29.14213562373095	32.97056274847705
5.12132034355966	23.020815280171178
15.071067811865532	13.071067811865419
25.02081528017129	3.121320343559546
1.0000000000001137	27.142135623730837
10.949747468305986	17.19238815542508
20.89949493661163	7.242640687119206
20.606601717798185	21.606601717798213
30.556349186103944	11.656854249492397
6.535533905932709	1.7071067811865817
16.485281374238525	25.727922061357873
26.43502884254437	15.778174593052029
2.414213562373078	5.828427124746199
12.363961030678922	29.849242404917504
22.313708498984738	19.899494936611667
32.263455967290554	9.949747468305834
8.242640687119263	0.
18.192388155425107	24.020815280171302
28.142135623730937	14.071067811865468
4.121320343559631	4.121320343559631
14.071067811865468	28.142135623730937
24.020815280171302	18.192388155425107
0.	8.242640687119263
9.949747468305834	32.263455967290554
19.899494936611667	22.313708498984738
29.849242404917504	12.363961030678922
5.828427124746199	2.414213562373078
15.778174593052029	26.43502884254437
25.727922061357873	16.485281374238525
1.7071067811865817	6.535533905932709
11.656854249492397	30.556349186103944
21.606601717798213	20.606601717798185
31.556349186104057	10.656854249492369
7.535533905932766	0.7071067811865532
17.48528137423864	24.727922061357845
27.435028842544398	14.778174593051915
3.4142135623731633	4.828427124746156
13.363961030678922	28.849242404917447
23.313708498984795	18.89949493661163
33.26345596729061	8.949747468305873
9.24264068711932	32.97056274847705
19.192388155425192	23.020815280171178
29.14213562373095	13.071067811865419
5.12132034355966	3.121320343559546
15.071067811865532	27.142135623730837
25.02081528017129	17.19238815542508
1.0000000000001137	7.242640687119206
10.949747468305986	31.263455967290497
10.656854249492369	11.656854249492397
20.606601717798185	1.7071067811865817
30.556349186103944	25.727922061357873
6.535533905932709	15.778174593052029
16.485281374238525	5.828427124746199
26.43502884254437	29.849242404917504
2.414213562373078	19.899494936611667
12.363961030678922	9.949747468305834
22.313708498984738	0.
32.263455967290554	24.020815280171302
8.242640687119263	14.071067811865468
18.192388155425107	4.121320343559631
28.142135623730937	28.142135623730937
4.121320343559631	18.192388155425107
14.071067811865468	8.242640687119263
24.020815280171302	32.263455967290554
0.	22.313708498984738
9.949747468305834	12.363961030678922
19.899494936611667	2.414213562373078
29.849242404917504	26.43502884254437
5.828427124746199	16.485281374238525
15.778174593052029	6.535533905932709
25.727922061357873	30.556349186103944
1.7071067811865817	20.606601717798185
11.656854249492397	10.656854249492369
21.606601717798213	0.7071067811865532
31.556349186104057	24.727922061357845
7.535533905932766	14.778174593051915
17.48528137423864	4.828427124746156
27.435028842544398	28.849242404917447
3.4142135623731633	18.89949493661163
13.363961030678922	8.949747468305873
23.313708498984795	32.97056274847705
33.26345596729061	23.020815280171178
9.24264068711932	13.071067811865419
19.192388155425192	3.121320343559546
29.14213562373095	27.142135623730837
5.12132034355966	17.19238815542508
15.071067811865532	7.242640687119206
25.02081528017129	31.263455967290497
1.0000000000001137	21.313708498984738
0.7071067811865532	1.7071067811865817
10.656854249492369	25.727922061357873
20.606601717798185	15.778174593052029
30.556349186103944	5.828427124746199
6.535533905932709	29.849242404917504
16.485281374238525	19.899494936611667
26.43502884254437	9.949747468305834
2.414213562373078	0.
12.363961030678922	24.020815280171302
22.313708498984738	14.071067811865468
32.263455967290554	4.121320343559631
8.242640687119263	28.142135623730937
18.192388155425107	18.192388155425107
28.142135623730937	8.242640687119263
4.121320343559631	32.263455967290554
14.071067811865468	22.313708498984738
24.020815280171302	12.363961030678922
0.	2.414213562373078
9.949747468305834	26.43502884254437
19.899494936611667	16.485281374238525
29.849242404917504	6.535533905932709
5.828427124746199	30.556349186103944
15.778174593052029	20.606601717798185
25.727922061357873	10.656854249492369
1.7071067811865817	0.7071067811865532
11.656854249492397	24.727922061357845
21.606601717798213	14.778174593051915
31.556349186104057	4.828427124746156
7.535533905932766	28.849242404917447
17.48528137423864	18.89949493661163
27.435028842544398	8.949747468305873
3.4142135623731633	32.97056274847705
13.363961030678922	23.020815280171178
23.313708498984795	13.071067811865419
33.26345596729061	3.121320343559546
9.24264068711932	27.142135623730837
19.192388155425192	17.19238815542508
29.14213562373095	7.242640687119206
5.12132034355966	31.263455967290497
15.071067811865532	21.313708498984738
25.02081528017129	11.363961030678865
24.727922061357845	25.727922061357873
0.7071067811865532	15.778174593052029
10.656854249492369	5.828427124746199
20.606601717798185	29.849242404917504
30.556349186103944	19.899494936611667
6.535533905932709	9.949747468305834
16.485281374238525	0.
26.43502884254437	24.020815280171302
2.414213562373078	14.071067811865468
12.363961030678922	4.121320343559631
22.313708498984738	28.142135623730937
32.263455967290554	18.192388155425107
8.242640687119263	8.242640687119263
18.192388155425107	32.263455967290554
28.142135623730937	22.313708498984738
4.121320343559631	12.363961030678922
14.071067811865468	2.414213562373078
24.020815280171302	26.43502884254437
0.	16.485281374238525
9.949747468305834	6.535533905932709
19.899494936611667	30.556349186103944
29.849242404917504	20.606601717798185
5.828427124746199	10.656854249492369
15.778174593052029	0.7071067811865532
25.727922061357873	24.727922061357845
1.7071067811865817	14.778174593051915
11.656854249492397	4.828427124746156
21.606601717798213	28.849242404917447
31.556349186104057	18.89949493661163
7.535533905932766	8.949747468305873
17.48528137423864	32.97056274847705
27.435028842544398	23.020815280171178
3.4142135623731633	13.071067811865419
13.363961030678922	3.121320343559546
23.313708498984795	27.142135623730837
33.26345596729061	17.19238815542508
9.24264068711932	7.242640687119206
19.192388155425192	31.263455967290497
29.14213562373095	21.313708498984738
5.12132034355966	11.363961030678865
15.071067811865532	1.4142135623731065
14.778174593051915	15.778174593052029
24.727922061357845	5.828427124746199
0.7071067811865532	29.849242404917504
10.656854249492369	19.899494936611667
20.606601717798185	9.949747468305834
30.556349186103944	0.
6.535533905932709	24.020815280171302
16.485281374238525	14.071067811865468
26.43502884254437	4.121320343559631
2.414213562373078	28.142135623730937
12.363961030678922	18.192388155425107
22.313708498984738	8.242640687119263
32.263455967290554	32.263455967290554
8.242640687119263	22.313708498984738
18.192388155425107	12.363961030678922
28.142135623730937	2.414213562373078
4.121320343559631	26.43502884254437
14.071067811865468	16.485281374238525
24.020815280171302	6.535533905932709
0.	30.556349186103944
9.949747468305834	20.606601717798185
19.899494936611667	10.656854249492369
29.849242404917504	0.7071067811865532
5.828427124746199	24.727922061357845
15.778174593052029	14.778174593051915
25.727922061357873	4.828427124746156
1.7071067811865817	28.849242404917447
11.656854249492397	18.89949493661163
21.606601717798213	8.949747468305873
31.556349186104057	32.97056274847705
7.535533905932766	23.020815280171178
17.48528137423864	13.071067811865419
27.435028842544398	3.121320343559546
3.4142135623731633	27.142135623730837
13.363961030678922	17.19238815542508
23.313708498984795	7.242640687119206
33.26345596729061	31.263455967290497
9.24264068711932	21.313708498984738
19.192388155425192	11.363961030678865
29.14213562373095	1.4142135623731065
5.12132034355966	25.435028842544284
4.828427124746156	5.828427124746199
14.778174593051915	29.849242404917504
24.727922061357845	19.899494936611667
0.7071067811865532	9.949747468305834
10.656854249492369	0.
20.606601717798185	24.020815280171302
30.556349186103944	14.071067811865468
6.535533905932709	4.121320343559631
16.485281374238525	28.142135623730937
26.43502884254437	18.192388155425107
2.414213562373078	8.242640687119263
12.363961030678922	32.263455967290554
22.313708498984738	22.313708498984738
32.263455967290554	12.363961030678922
8.242640687119263	2.414213562373078
18.192388155425107	26.43502884254437
28.142135623730937	16.485281374238525
4.121320343559631	6.535533905932709
14.071067811865468	30.556349186103944
24.020815280171302	20.606601717798185
0.	10.656854249492369
9.949747468305834	0.7071067811865532
19.899494936611667	24.727922061357845
29.849242404917504	14.778174593051915
5.828427124746199	4.828427124746156
15.778174593052029	28.849242404917447
25.727922061357873	18.89949493661163
1.7071067811865817	8.949747468305873
11.656854249492397	32.97056274847705
21.606601717798213	23.020815280171178
31.556349186104057	13.071067811865419
7.535533905932766	3.121320343559546
17.48528137423864	27.142135623730837
27.435028842544398	17.19238815542508
3.4142135623731633	7.242640687119206
13.363961030678922	31.263455967290497
23.313708498984795	21.313708498984738
33.26345596729061	11.363961030678865
9.24264068711932	1.4142135623731065
19.192388155425192	25.435028842544284
29.14213562373095	15.485281374238525
28.849242404917447	29.849242404917504
4.828427124746156	19.899494936611667
14.778174593051915	9.949747468305834
24.727922061357845	0.
0.7071067811865532	24.020815280171302
10.656854249492369	14.071067811865468
20.606601717798185	4.121320343559631
30.556349186103944	28.142135623730937
6.535533905932709	18.192388155425107
16.485281374238525	8.242640687119263
26.43502884254437	32.263455967290554
2.414213562373078	22.313708498984738
12.363961030678922	12.363961030678922
22.313708498984738	2.414213562373078
32.263455967290554	26.43502884254437
8.242640687119263	16.485281374238525
18.192388155425107	6.535533905932709
28.142135623730937	30.556349186103944
4.121320343559631	20.606601717798185
14.071067811865468	10.656854249492369
24.020815280171302	0.7071067811865532
0.	24.727922061357845
9.949747468305834	14.778174593051915
19.899494936611667	4.828427124746156
29.849242404917504	28.849242404917447
5.828427124746199	18.89949493661163
15.778174593052029	8.949747468305873
25.727922061357873	32.97056274847705
1.7071067811865817	23.020815280171178
11.656854249492397	13.071067811865419
21.606601717798213	3.121320343559546
31.556349186104057	27.142135623730837
7.535533905932766	17.19238815542508
17.48528137423864	7.242640687119206
27.435028842544398	31.263455967290497
3.4142135623731633	21.313708498984738
13.363961030678922	11.363961030678865
23.313708498984795	1.4142135623731065
33.26345596729061	25.435028842544284
9.24264068711932	15.485281374238525
19.192388155425192	5.5355339059326525
18.89949493661163	19.899494936611667
28.849242404917447	9.949747468305834
4.828427124746156	0.
14.778174593051915	24.020815280171302
24.727922061357845	14.071067811865468
0.7071067811865532	4.121320343559631
10.656854249492369	28.142135623730937
20.606601717798185	18.192388155425107
30.556349186103944	8.242640687119263
6.535533905932709	32.263455967290554
16.485281374238525	22.313708498984738
26.43502884254437	12.363961030678922
2.414213562373078	2.414213562373078
12.363961030678922	26.43502884254437
22.313708498984738	16.485281374238525
32.263455967290554	6.535533905932709
8.242640687119263	30.556349186103944
18.192388155425107	20.606601717798185
28.142135623730937	10.656854249492369
4.121320343559631	0.7071067811865532
14.071067811865468	24.727922061357845
24.020815280171302	14.778174593051915
0.	4.828427124746156
9.949747468305834	28.849242404917447
19.899494936611667	18.89949493661163
29.849242404917504	8.949747468305873
5.828427124746199	32.97056274847705
15.778174593052029	23.020815280171178
25.727922061357873	13.071067811865419
1.7071067811865817	3.121320343559546
11.656854249492397	27.142135623730837
21.606601717798213	17.19238815542508
31.556349186104057	7.242640687119206
7.535533905932766	31.263455967290497
17.48528137423864	21.313708498984738
27.435028842544398	11.363961030678865
3.4142135623731633	1.4142135623731065
13.363961030678922	25.435028842544284
23.313708498984795	15.485281374238525
33.26345596729061	5.5355339059326525
9.24264068711932	29.55634918610383
8.949747468305873	9.949747468305834
18.89949493661163	0.
28.849242404917447	24.020815280171302
4.828427124746156	14.071067811865468
14.778174593051915	4.121320343559631
24.727922061357845	28.142135623730937
0.7071067811865532	18.192388155425107
10.656854249492369	8.242640687119263
20.606601717798185	32.263455967290554
30.556349186103944	22.313708498984738
6.535533905932709	12.363961030678922
16.485281374238525	2.414213562373078
26.43502884254437	26.43502884254437
2.414213562373078	16.485281374238525
12.363961030678922	6.535533905932709
22.313708498984738	30.556349186103944
32.263455967290554	20.606601717798185
8.242640687119263	10.656854249492369
18.192388155425107	0.7071067811865532
28.142135623730937	24.727922061357845
4.121320343559631	14.778174593051915
14.071067811865468	4.828427124746156
24.020815280171302	28.849242404917447
0.	18.89949493661163
9.949747468305834	8.949747468305873
19.899494936611667	32.97056274847705
29.849242404917504	23.020815280171178
5.828427124746199	13.071067811865419
15.778174593052029	3.121320343559546
25.727922061357873	27.142135623730837
1.7071067811865817	17.19238815542508
11.656854249492397	7.242640687119206
21.606601717798213	31.263455967290497
31.556349186104057	21.313708498984738
7.535533905932766	11.363961030678865
17.48528137423864	1.4142135623731065
27.435028842544398	25.435028842544284
3.4142135623731633	15.485281374238525
13.363961030678922	5.5355339059326525
23.313708498984795	29.55634918610383
33.26345596729061	19.606601717798185
32.97056274847705	0.
8.949747468305873	24.020815280171302
18.89949493661163	14.071067811865468
28.849242404917447	4.121320343559631
4.828427124746156	28.142135623730937
14.778174593051915	18.192388155425107
24.727922061357845	8.242640687119263
0.7071067811865532	32.263455967290554
10.656854249492369	22.313708498984738
20.606601717798185	12.363961030678922
30.556349186103944	2.414213562373078
6.535533905932709	26.43502884254437
16.485281374238525	16.485281374238525
26.43502884254437	6.535533905932709
2.414213562373078	30.556349186103944
12.363961030678922	20.606601717798185
22.313708498984738	10.656854249492369
32.263455967290554	0.7071067811865532
8.242640687119263	24.727922061357845
18.192388155425107	14.778174593051915
28.142135623730937	4.828427124746156
4.121320343559631	28.849242404917447
14.071067811865468	18.89949493661163
24.020815280171302	8.949747468305873
0.	32.97056274847705
9.949747468305834	23.020815280171178
19.899494936611667	13.071067811865419
29.849242404917504	3.121320343559546
5.828427124746199	27.142135623730837
15.778174593052029	17.19238815542508
25.727922061357873	7.242640687119206
1.7071067811865817	31.263455967290497
11.656854249492397	21.313708498984738
21.606601717798213	11.363961030678865
31.556349186104057	1.4142135623731065
7.535533905932766	25.435028842544284
17.48528137423864	15.485281374238525
27.435028842544398	5.5355339059326525
3.4142135623731633	29.55634918610383
13.363961030678922	19.606601717798185
23.313708498984795	9.656854249492312
32.97056274847705	14.071067811865468
8.949747468305873	4.121320343559631
18.89949493661163	28.142135623730937
28.849242404917447	18.192388155425107
4.828427124746156	8.242640687119263
14.778174593051915	32.263455967290554
24.727922061357845	22.313708498984738
0.7071067811865532	12.363961030678922
10.656854249492369	2.414213562373078
20.606601717798185	26.43502884254437
30.556349186103944	16.485281374238525
6.535533905932709	6.535533905932709
16.485281374238525	30.556349186103944
26.43502884254437	20.606601717798185
2.414213562373078	10.656854249492369
12.363961030678922	0.7071067811865532
22.313708498984738	24.727922061357845
32.263455967290554	14.778174593051915
8.242640687119263	4.828427124746156
18.192388155425107	28.849242404917447
28.142135623730937	18.89949493661163
4.121320343559631	8.949747468305873
14.071067811865468	32.97056274847705
24.020815280171302	23.020815280171178
0.	13.071067811865419
9.949747468305834	3.121320343559546
19.899494936611667	27.142135623730837
29.849242404917504	17.19238815542508
5.828427124746199	7.242640687119206
15.778174593052029	31.263455967290497
25.727922061357873	21.313708498984738
1.7071067811865817	11.363961030678865
11.656854249492397	1.4142135623731065
21.606601717798213	25.435028842544284
31.556349186104057	15.485281374238525
7.535533905932766	5.5355339059326525
17.48528137423864	29.55634918610383
27.435028842544398	19.606601717798185
3.4142135623731633	9.656854249492312
13.363961030678922	33.6776695296636
32.97056274847705	28.142135623730937
8.949747468305873	18.192388155425107
18.89949493661163	8.242640687119263
28.849242404917447	32.263455967290554
4.828427124746156	22.313708498984738
14.778174593051915	12.363961030678922
24.727922061357845	2.414213562373078
0.7071067811865532	26.43502884254437
10.656854249492369	16.485281374238525
20.606601717798185	6.535533905932709
30.556349186103944	30.556349186103944
6.535533905932709	20.606601717798185
16.485281374238525	10.656854249492369
26.43502884254437	0.7071067811865532
2.414213562373078	24.727922061357845
12.363961030678922	14.778174593051915
22.313708498984738	4.828427124746156
32.263455967290554	28.849242404917447
8.242640687119263	18.89949493661163
18.192388155425107	8.949747468305873
28.142135623730937	32.97056274847705
4.121320343559631	23.020815280171178
14.071067811865468	13.071067811865419
24.020815280171302	3.121320343559546
0.	27.142135623730837
9.949747468305834	17.19238815542508
19.899494936611667	7.242640687119206
29.849242404917504	31.263455967290497
5.828427124746199	21.313708498984738
15.778174593052029	11.363961030678865
25.727922061357873	1.4142135623731065
1.7071067811865817	25.435028842544284
11.656854249492397	15.485281374238525
21.606601717798213	5.5355339059326525
31.556349186104057	29.55634918610383
7.535533905932766	19.606601717798185
17.48528137423864	9.656854249492312
27.435028842544398	33.6776695296636
32.97056274847705	8.242640687119263
8.949747468305873	32.263455967290554
18.89949493661163	22.313708498984738
28.849242404917447	12.363961030678922
4.828427124746156	2.414213562373078
14.778174593051915	26.43502884254437
24.727922061357845	16.485281374238525
0.7071067811865532	6.535533905932709
10.656854249492369	30.556349186103944
20.606601717798185	20.606601717798185
30.556349186103944	10.656854249492369
6.535533905932709	0.7071067811865532
16.485281374238525	24.727922061357845
26.43502884254437	14.778174593051915
2.414213562373078	4.828427124746156
12.363961030678922	28.849242404917447
22.313708498984738	18.89949493661163
32.263455967290554	8.949747468305873
8.242640687119263	32.97056274847705
18.192388155425107	23.020815280171178
28.142135623730937	13.071067811865419
4.121320343559631	3.121320343559546
14.071067811865468	27.142135623730837
24.020815280171302	17.19238815542508
0.	7.242640687119206
9.949747468305834	31.263455967290497
19.899494936611667	21.313708498984738
29.849242404917504	11.363961030678865
5.828427124746199	1.4142135623731065
15.778174593052029	25.435028842544284
25.727922061357873	15.485281374238525
1.7071067811865817	5.5355339059326525
11.656854249492397	29.55634918610383
21.606601717798213	19.606601717798185
31.556349186104057	9.656854249492312
7.535533905932766	33.6776695296636
32.97056274847705	22.313708498984738
8.949747468305873	12.363961030678922
18.89949493661163	2.414213562373078
28.849242404917447	26.43502884254437
4.828427124746156	16.485281374238525
14.778174593051915	6.535533905932709
24.727922061357845	30.556349186103944
0.7071067811865532	20.606601717798185
10.656854249492369	10.656854249492369
20.606601717798185	0.7071067811865532
30.556349186103944	24.727922061357845
6.535533905932709	14.778174593051915
16.485281374238525	4.828427124746156
26.43502884254437	28.849242404917447
2.414213562373078	18.89949493661163
12.363961030678922	8.949747468305873
22.313708498984738	32.97056274847705
32.263455967290554	23.020815280171178
8.242640687119263	13.071067811865419
18.192388155425107	3.121320343559546
28.142135623730937	27.142135623730837
4.121320343559631	17.19238815542508
14.071067811865468	7.242640687119206
24.020815280171302	31.263455967290497
0.	21.313708498984738
9.949747468305834	11.363961030678865
19.899494936611667	1.4142135623731065
29.849242404917504	25.435028842544284
5.828427124746199	15.485281374238525
15.778174593052029	5.5355339059326525
25.727922061357873	29.55634918610383
1.7071067811865817	19.606601717798185
11.656854249492397	9.656854249492312
21.606601717798213	33.6776695296636
32.97056274847705	2.414213562373078
8.949747468305873	26.43502884254437
18.89949493661163	16.485281374238525
28.849242404917447	6.535533905932709
4.828427124746156	30.556349186103944
14.778174593051915	20.606601717798185
24.727922061357845	10.656854249492369
0.7071067811865532	0.7071067811865532
10.656854249492369	24.727922061357845
20.606601717798185	14.778174593051915
30.556349186103944	4.828427124746156
6.535533905932709	28.849242404917447
16.485281374238525	18.89949493661163
26.43502884254437	8.949747468305873
2.414213562373078	32.97056274847705
12.363961030678922	23.020815280171178
22.313708498984738	13.071067811865419
32.263455967290554	3.121320343559546
8.242640687119263	27.142135623730837
18.192388155425107	17.19238815542508
28.142135623730937	7.242640687119206
4.121320343559631	31.263455967290497
14.071067811865468	21.313708498984738
24.020815280171302	11.363961030678865
0.	1.4142135623731065
9.949747468305834	25.435028842544284
19.899494936611667	15.485281374238525
29.849242404917504	5.5355339059326525
5.828427124746199	29.55634918610383
15.778174593052029	19.606601717798185
25.727922061357873	9.656854249492312
1.7071067811865817	33.6776695296636
32.97056274847705	16.485281374238525
8.949747468305873	6.535533905932709
18.89949493661163	30.556349186103944
28.849242404917447	20.606601717798185
4.828427124746156	10.656854249492369
14.778174593051915	0.7071067811865532
24.727922061357845	24.727922061357845
0.7071067811865532	14.778174593051915
10.656854249492369	4.828427124746156
20.606601717798185	28.849242404917447
30.556349186103944	18.89949493661163
6.535533905932709	8.949747468305873
16.485281374238525	32.97056274847705
26.43502884254437	23.020815280171178
2.414213562373078	13.071067811865419
12.363961030678922	3.121320343559546
22.313708498984738	27.142135623730837
32.263455967290554	17.19238815542508
8.242640687119263	7.242640687119206
18.192388155425107	31.263455967290497
28.142135623730937	21.313708498984738
4.121320343559631	11.363961030678865
14.071067811865468	1.4142135623731065
24.020815280171302	25.435028842544284
0.	15.485281374238525
9.949747468305834	5.5355339059326525
19.899494936611667	29.55634918610383
29.849242404917504	19.606601717798185
5.828427124746199	9.656854249492312
15.778174593052029	33.6776695296636
32.97056274847705	30.556349186103944
8.949747468305873	20.606601717798185
18.89949493661163	10.656854249492369
28.849242404917447	0.7071067811865532
4.828427124746156	24.727922061357845
14.778174593051915	14.778174593051915
24.727922061357845	4.828427124746156
0.7071067811865532	28.849242404917447
10.656854249492369	18.89949493661163
20.606601717798185	8.949747468305873
30.556349186103944	32.97056274847705
6.535533905932709	23.020815280171178
16.485281374238525	13.071067811865419
26.43502884254437	3.121320343559546
2.414213562373078	27.142135623730837
12.363961030678922	17.19238815542508
22.313708498984738	7.242640687119206
32.263455967290554	31.263455967290497
8.242640687119263	21.313708498984738
18.192388155425107	11.363961030678865
28.142135623730937	1.4142135623731065
4.121320343559631	25.435028842544284
14.071067811865468	15.485281374238525
24.020815280171302	5.5355339059326525
0.	29.55634918610383
9.949747468305834	19.606601717798185
19.899494936611667	9.656854249492312
29.849242404917504	33.6776695296636
32.97056274847705	10.656854249492369
8.949747468305873	0.7071067811865532
18.89949493661163	24.727922061357845
28.849242404917447	14.778174593051915
4.828427124746156	4.828427124746156
14.778174593051915	28.849242404917447
24.727922061357845	18.89949493661163
0.7071067811865532	8.949747468305873
10.656854249492369	32.97056274847705
20.606601717798185	23.020815280171178
30.556349186103944	13.071067811865419
6.535533905932709	3.121320343559546
16.485281374238525	27.142135623730837
26.43502884254437	17.19238815542508
2.414213562373078	7.242640687119206
12.363961030678922	31.263455967290497
22.313708498984738	21.313708498984738
32.263455967290554	11.363961030678865
8.242640687119263	1.4142135623731065
18.192388155425107	25.435028842544284
28.142135623730937	15.485281374238525
4.121320343559631	5.5355339059326525
14.071067811865468	29.55634918610383
24.020815280171302	19.606601717798185
0.	9.656854249492312
9.949747468305834	33.6776695296636
32.97056274847705	24.727922061357845
8.949747468305873	14.778174593051915
18.89949493661163	4.828427124746156
28.849242404917447	28.849242404917447
4.828427124746156	18.89949493661163
14.778174593051915	8.949747468305873
24.727922061357845	32.97056274847705
0.7071067811865532	23.020815280171178
10.656854249492369	13.071067811865419
20.606601717798185	3.121320343559546
30.556349186103944	27.142135623730837
6.535533905932709	17.19238815542508
16.485281374238525	7.242640687119206
26.43502884254437	31.263455967290497
2.414213562373078	21.313708498984738
12.363961030678922	11.363961030678865
22.313708498984738	1.4142135623731065
32.263455967290554	25.435028842544284
8.242640687119263	15.485281374238525
18.192388155425107	5.5355339059326525
28.142135623730937	29.55634918610383
4.121320343559631	19.606601717798185
14.071067811865468	9.656854249492312
24.020815280171302	33.6776695296636
32.97056274847705	4.828427124746156
8.949747468305873	28.849242404917447
18.89949493661163	18.89949493661163
28.849242404917447	8.949747468305873
4.828427124746156	32.97056274847705
14.778174593051915	23.020815280171178
24.727922061357845	13.071067811865419
0.7071067811865532	3.121320343559546
10.656854249492369	27.142135623730837
20.606601717798185	17.19238815542508
30.556349186103944	7.242640687119206
6.535533905932709	31.263455967290497
16.485281374238525	21.313708498984738
26.43502884254437	11.363961030678865
2.414213562373078	1.4142135623731065
12.363961030678922	25.435028842544284
22.313708498984738	15.485281374238525
32.263455967290554	5.5355339059326525
8.242640687119263	29.55634918610383
18.192388155425107	19.606601717798185
28.142135623730937	9.656854249492312
4.121320343559631	33.6776695296636
32.97056274847705	18.89949493661163
8.949747468305873	8.949747468305873
18.89949493661163	32.97056274847705
28.849242404917447	23.020815280171178
4.828427124746156	13.071067811865419
14.778174593051915	3.121320343559546
24.727922061357845	27.142135623730837
0.7071067811865532	17.19238815542508
10.656854249492369	7.242640687119206
20.606601717798185	31.263455967290497
30.556349186103944	21.313708498984738
6.535533905932709	11.363961030678865
16.485281374238525	1.4142135623731065
26.43502884254437	25.435028842544284
2.414213562373078	15.485281374238525
12.363961030678922	5.5355339059326525
22.313708498984738	29.55634918610383
32.263455967290554	19.606601717798185
8.242640687119263	9.656854249492312
18.192388155425107	33.6776695296636
32.97056274847705	32.97056274847705
8.949747468305873	23.020815280171178
18.89949493661163	13.071067811865419
28.849242404917447	3.121320343559546
4.828427124746156	27.142135623730837
14.778174593051915	17.19238815542508
24.727922061357845	7.242640687119206
0.7071067811865532	31.263455967290497
10.656854249492369	21.313708498984738
20.606601717798185	11.363961030678865
30.556349186103944	1.4142135623731065
6.535533905932709	25.435028842544284
16.485281374238525	15.485281374238525
26.43502884254437	5.5355339059326525
2.414213562373078	29.55634918610383
12.363961030678922	19.606601717798185
22.313708498984738	9.656854249492312
32.263455967290554	33.6776695296636