6	630	753	0	0	0	0	0
3	5	16	852	0	0	0	0
2	6	853	0	0	0	0	0
6	753	853	0	0	0	0	0
2	6	19	0	0	0	0	0
1	3	4	5	7	8	9	20
6	630	754	0	0	0	0	0
6	10	22	0	0	0	0	0
6	10	754	0	0	0	0	0
8	9	24	755	0	0	0	0
12	35	957	0	0	0	0	0
11	15	36	958	0	0	0	0
14	15	958	0	0	0	0	0
13	16	852	959	0	0	0	0
12	13	16	17	39	0	0	0
2	14	15	18	19	0	0	0
15	18	41	0	0	0	0	0
16	17	21	42	0	0	0	0
5	16	20	21	0	0	0	0
6	19	22	0	0	0	0	0
18	19	22	23	44	0	0	0
8	20	21	24	0	0	0	0
21	24	26	47	0	0	0	0
10	22	23	25	27	0	0	0
24	28	755	854	0	0	0	0
23	27	48	0	0	0	0	0
24	26	28	29	49	0	0	0
25	27	855	0	0	0	0	0
27	30	52	855	0	0	0	0
29	54	856	0	0	0	0	0
32	34	64	1039	0	0	0	0
31	35	1040	0	0	0	0	0
35	957	1040	0	0	0	0	0
31	35	67	0	0	0	0	0
11	32	33	34	36	37	38	68
12	35	39	0	0	0	0	0
35	40	70	0	0	0	0	0
35	39	40	0	0	0	0	0
15	36	38	41	0	0	0	0
37	38	41	72	0	0	0	0
17	39	40	42	43	73	0	0
18	41	44	0	0	0	0	0
41	44	45	77	0	0	0	0
21	42	43	46	47	0	0	0
43	46	79	0	0	0	0	0
44	45	48	80	0	0	0	0
23	44	48	0	0	0	0	0
26	46	47	49	50	84	0	0
27	48	51	52	0	0	0	0
48	51	53	86	0	0	0	0
49	50	54	0	0	0	0	0
29	49	54	0	0	0	0	0
50	54	89	0	0	0	0	0
30	51	52	53	55	56	57	90
54	856	960	0	0	0	0	0
54	58	92	0	0	0	0	0
54	58	960	0	0	0	0	0
56	57	94	961	0	0	0	0
60	104	1122	0	0	0	0	0
59	63	105	1123	0	0	0	0
62	63	1123	0	0	0	0	0
61	64	1039	1124	0	0	0	0
60	61	64	65	108	0	0	0
31	62	63	66	67	0	0	0
63	66	110	0	0	0	0	0
64	65	69	111	0	0	0	0
34	64	68	69	0	0	0	0
35	67	70	0	0	0	0	0
66	67	70	71	113	0	0	0
37	68	69	72	0	0	0	0
69	72	74	116	0	0	0	0
40	70	71	73	75	0	0	0
41	72	76	77	0	0	0	0
71	75	117	0	0	0	0	0
72	74	76	78	118	0	0	0
73	75	79	0	0	0	0	0
43	73	79	0	0	0	0	0
75	79	81	121	0	0	0	0
45	76	77	78	80	82	83	0
46	79	84	0	0	0	0	0
78	82	123	0	0	0	0	0
79	81	85	124	0	0	0	0
79	84	85	0	0	0	0	0
48	80	83	86	0	0	0	0
82	83	86	87	127	0	0	0
50	84	85	88	89	0	0	0
85	88	129	0	0	0	0	0
86	87	91	130	0	0	0	0
53	86	90	91	0	0	0	0
54	89	92	0	0	0	0	0
88	89	92	93	132	0	0	0
56	90	91	94	0	0	0	0
91	94	96	135	0	0	0	0
58	92	93	95	97	98	0	0
94	961	1041	0	0	0	0	0
93	97	136	0	0	0	0	0
94	96	99	137	0	0	0	0
94	99	1041	0	0	0	0	0
97	98	100	140	1042	0	0	0
99	142	1043	0	0	0	0	0
102	150	1187	0	0	0	0	0
101	104	151	1188	0	0	0	0
104	1122	1188	0	0	0	0	0
59	102	103	105	106	107	154	0
60	104	108	0	0	0	0	0
104	109	156	0	0	0	0	0
104	108	109	0	0	0	0	0
63	105	107	110	0	0	0	0
106	107	110	157	0	0	0	0
65	108	109	111	112	158	0	0
66	110	113	0	0	0	0	0
110	113	114	161	0	0	0	0
69	111	112	115	116	0	0	0
112	115	163	0	0	0	0	0
113	114	117	164	0	0	0	0
71	113	117	0	0	0	0	0
74	115	116	118	119	167	0	0
75	117	120	121	0	0	0	0
117	120	122	169	0	0	0	0
118	119	123	0	0	0	0	0
78	118	123	0	0	0	0	0
119	123	171	0	0	0	0	0
81	120	121	122	124	125	126	172
82	123	127	0	0	0	0	0
123	128	174	0	0	0	0	0
123	127	128	0	0	0	0	0
85	124	126	129	0	0	0	0
125	126	129	176	0	0	0	0
87	127	128	130	131	177	0	0
88	129	132	0	0	0	0	0
129	132	133	180	0	0	0	0
91	130	131	134	135	0	0	0
131	134	182	0	0	0	0	0
132	133	136	183	0	0	0	0
93	132	136	0	0	0	0	0
96	134	135	137	138	139	186	0
97	136	140	0	0	0	0	0
136	141	188	0	0	0	0	0
136	140	141	0	0	0	0	0
99	137	139	142	0	0	0	0
138	139	142	189	0	0	0	0
100	140	141	143	144	190	0	0
142	1043	1125	0	0	0	0	0
142	145	193	1125	0	0	0	0
144	195	1126	0	0	0	0	0
147	149	205	1242	0	0	0	0
146	150	1243	0	0	0	0	0
150	1187	1243	0	0	0	0	0
146	150	208	0	0	0	0	0
101	147	148	149	151	152	153	209
102	150	154	0	0	0	0	0
150	155	212	0	0	0	0	0
150	154	155	0	0	0	0	0
104	151	153	156	0	0	0	0
152	153	156	214	0	0	0	0
106	154	155	157	215	0	0	0
109	156	158	159	219	0	0	0
110	157	160	161	0	0	0	0
157	160	162	221	0	0	0	0
158	159	163	0	0	0	0	0
112	158	163	0	0	0	0	0
159	163	224	0	0	0	0	0
114	160	161	162	164	165	166	225
115	163	167	0	0	0	0	0
163	168	227	0	0	0	0	0
163	167	168	0	0	0	0	0
117	164	166	169	0	0	0	0
165	166	169	230	0	0	0	0
119	167	168	170	171	231	0	0
169	173	234	0	0	0	0	0
122	169	172	173	0	0	0	0
123	171	174	0	0	0	0	0
170	171	174	175	236	0	0	0
125	172	173	176	0	0	0	0
173	176	239	0	0	0	0	0
128	174	175	177	178	240	0	0
129	176	179	180	0	0	0	0
176	179	181	242	0	0	0	0
177	178	182	0	0	0	0	0
131	177	182	0	0	0	0	0
178	182	245	0	0	0	0	0
133	179	180	181	183	184	185	246
134	182	186	0	0	0	0	0
182	187	249	0	0	0	0	0
182	186	187	0	0	0	0	0
136	183	185	188	0	0	0	0
184	185	188	251	0	0	0	0
138	186	187	189	252	0	0	0
141	188	190	191	256	0	0	0
142	189	192	193	0	0	0	0
189	192	194	258	0	0	0	0
190	191	195	0	0	0	0	0
144	190	195	0	0	0	0	0
191	195	261	0	0	0	0	0
145	192	193	194	196	197	198	262
195	1126	1189	0	0	0	0	0
195	199	264	0	0	0	0	0
195	199	1189	0	0	0	0	0
197	198	266	1190	0	0	0	0
201	277	1295	0	0	0	0	0
200	204	278	1296	0	0	0	0
203	204	1241	1296	0	0	0	0
202	205	1242	0	0	0	0	0
201	202	205	206	281	0	0	0
146	203	204	207	208	0	0	0
204	207	210	283	0	0	0	0
205	206	211	0	0	0	0	0
149	205	209	211	0	0	0	0
150	208	212	0	0	0	0	0
206	211	284	0	0	0	0	0
207	208	210	212	213	285	0	0
152	209	211	214	0	0	0	0
211	214	216	288	0	0	0	0
155	212	213	215	217	218	0	0
156	214	219	0	0	0	0	0
213	217	290	0	0	0	0	0
214	216	220	291	0	0	0	0
214	219	220	0	0	0	0	0
157	215	218	221	0	0	0	0
217	218	221	222	294	0	0	0
159	219	220	223	224	0	0	0
220	223	296	0	0	0	0	0
221	222	226	297	0	0	0	0
162	221	225	226	0	0	0	0
163	224	227	0	0	0	0	0
223	224	227	228	229	300	0	0
165	225	226	230	0	0	0	0
226	232	302	0	0	0	0	0
226	230	232	0	0	0	0	0
168	227	229	231	233	0	0	0
169	230	234	0	0	0	0	0
228	229	233	303	0	0	0	0
230	232	234	235	304	0	0	0
170	231	233	236	0	0	0	0
233	236	237	307	0	0	0	0
173	234	235	238	239	0	0	0
235	238	309	0	0	0	0	0
236	237	241	310	0	0	0	0
175	236	240	241	0	0	0	0
176	239	242	0	0	0	0	0
238	239	242	243	313	0	0	0
178	240	241	244	245	0	0	0
241	244	247	315	0	0	0	0
242	243	248	0	0	0	0	0
181	242	246	248	0	0	0	0
182	245	249	0	0	0	0	0
243	248	316	0	0	0	0	0
244	245	247	249	250	317	0	0
184	246	248	251	0	0	0	0
248	251	253	320	0	0	0	0
187	249	250	252	254	255	0	0
188	251	256	0	0	0	0	0
250	254	322	0	0	0	0	0
251	253	257	323	0	0	0	0
251	256	257	0	0	0	0	0
189	252	255	258	0	0	0	0
254	255	258	259	326	0	0	0
191	256	257	260	261	0	0	0
257	260	328	0	0	0	0	0
258	259	263	329	0	0	0	0
194	258	262	263	0	0	0	0
195	261	264	0	0	0	0	0
260	261	264	265	331	0	0	0
197	262	263	266	0	0	0	0
263	266	268	334	0	0	0	0
199	264	265	267	269	0	0	0
266	270	1190	1244	0	0	0	0
265	269	335	0	0	0	0	0
266	268	270	271	336	0	0	0
267	269	1245	0	0	0	0	0
269	272	339	1245	0	0	0	0
271	341	1246	0	0	0	0	0
274	276	351	1331	0	0	0	0
273	277	1332	0	0	0	0	0
277	1295	1332	0	0	0	0	0
273	277	354	0	0	0	0	0
200	274	275	276	278	279	280	355
201	277	281	0	0	0	0	0
277	282	357	0	0	0	0	0
277	281	282	0	0	0	0	0
204	278	280	283	0	0	0	0
279	280	283	359	0	0	0	0
206	281	282	284	360	0	0	0
210	283	285	286	364	0	0	0
211	284	287	288	0	0	0	0
284	287	289	366	0	0	0	0
285	286	290	0	0	0	0	0
213	285	290	0	0	0	0	0
286	290	369	0	0	0	0	0
216	287	288	289	291	292	293	370
217	290	294	0	0	0	0	0
290	295	372	0	0	0	0	0
290	294	295	0	0	0	0	0
220	291	293	296	0	0	0	0
292	293	296	375	0	0	0	0
222	294	295	297	298	299	376	0
223	296	300	0	0	0	0	0
296	301	379	0	0	0	0	0
296	300	301	0	0	0	0	0
226	297	299	302	0	0	0	0
298	299	302	381	0	0	0	0
228	300	301	303	382	0	0	0
232	302	304	305	386	0	0	0
233	303	306	307	0	0	0	0
303	306	308	388	0	0	0	0
304	305	309	0	0	0	0	0
235	304	309	0	0	0	0	0
305	309	391	0	0	0	0	0
237	306	307	308	310	311	312	392
238	309	313	0	0	0	0	0
309	314	394	0	0	0	0	0
309	313	314	0	0	0	0	0
241	310	312	315	0	0	0	0
311	312	315	396	0	0	0	0
243	313	314	316	397	0	0	0
247	315	317	318	401	0	0	0
248	316	319	320	0	0	0	0
316	319	321	403	0	0	0	0
317	318	322	0	0	0	0	0
250	317	322	0	0	0	0	0
318	322	406	0	0	0	0	0
253	319	320	321	323	324	325	407
254	322	326	0	0	0	0	0
322	327	409	0	0	0	0	0
322	326	327	0	0	0	0	0
257	323	325	328	0	0	0	0
324	325	328	411	0	0	0	0
259	326	327	329	330	412	0	0
260	328	331	0	0	0	0	0
328	331	332	416	0	0	0	0
263	329	330	333	334	0	0	0
330	333	418	0	0	0	0	0
331	332	335	419	0	0	0	0
265	331	335	0	0	0	0	0
268	333	334	336	337	423	0	0
269	335	338	339	0	0	0	0
335	338	340	425	0	0	0	0
336	337	341	0	0	0	0	0
271	336	341	0	0	0	0	0
337	341	428	0	0	0	0	0
272	338	339	340	342	343	344	429
341	1246	1297	0	0	0	0	0
341	345	431	0	0	0	0	0
341	345	1297	0	0	0	0	0
343	344	433	1298	0	0	0	0
347	444	1362	0	0	0	0	0
346	350	445	1363	0	0	0	0
349	350	1363	0	0	0	0	0
348	351	1331	1364	0	0	0	0
347	348	351	352	448	0	0	0
273	349	350	353	354	0	0	0
350	353	450	0	0	0	0	0
351	352	356	451	0	0	0	0
276	351	355	356	0	0	0	0
277	354	357	0	0	0	0	0
353	354	357	358	453	0	0	0
279	355	356	359	0	0	0	0
356	359	361	456	0	0	0	0
282	357	358	360	362	0	0	0
283	359	363	364	0	0	0	0
358	362	457	0	0	0	0	0
359	361	363	365	458	0	0	0
360	362	366	0	0	0	0	0
284	360	366	0	0	0	0	0
362	366	367	461	0	0	0	0
286	363	364	365	368	369	0	0
365	368	463	0	0	0	0	0
366	367	371	464	0	0	0	0
289	366	370	371	0	0	0	0
290	369	372	0	0	0	0	0
368	369	372	373	374	467	0	0
292	370	371	375	0	0	0	0
371	377	469	0	0	0	0	0
371	375	377	0	0	0	0	0
295	372	374	376	378	0	0	0
296	375	379	0	0	0	0	0
373	374	378	470	0	0	0	0
375	377	379	380	471	0	0	0
298	376	378	381	0	0	0	0
378	381	383	474	0	0	0	0
301	379	380	382	384	385	0	0
302	381	386	0	0	0	0	0
380	384	476	0	0	0	0	0
381	383	387	477	0	0	0	0
381	386	387	0	0	0	0	0
303	382	385	388	0	0	0	0
384	385	388	389	480	0	0	0
305	386	387	390	391	0	0	0
387	390	482	0	0	0	0	0
388	389	393	483	0	0	0	0
308	388	392	393	0	0	0	0
309	391	394	0	0	0	0	0
390	391	394	395	485	0	0	0
311	392	393	396	0	0	0	0
393	396	398	488	0	0	0	0
314	394	395	397	399	0	0	0
315	396	400	401	0	0	0	0
395	399	489	0	0	0	0	0
396	398	400	402	490	0	0	0
397	399	403	0	0	0	0	0
316	397	403	0	0	0	0	0
399	403	404	493	0	0	0	0
318	400	401	402	405	406	0	0
402	405	495	0	0	0	0	0
403	404	408	496	0	0	0	0
321	403	407	408	0	0	0	0
322	406	409	0	0	0	0	0
405	406	409	410	498	0	0	0
324	407	408	411	0	0	0	0
408	411	413	501	0	0	0	0
327	409	410	412	414	0	0	0
328	411	415	416	0	0	0	0
410	414	502	0	0	0	0	0
411	413	415	417	503	0	0	0
412	414	418	0	0	0	0	0
330	412	418	0	0	0	0	0
414	418	420	506	0	0	0	0
332	415	416	417	419	421	422	0
333	418	423	0	0	0	0	0
417	421	508	0	0	0	0	0
418	420	424	509	0	0	0	0
418	423	424	0	0	0	0	0
335	419	422	425	0	0	0	0
421	422	425	426	512	0	0	0
337	423	424	427	428	0	0	0
424	427	514	0	0	0	0	0
425	426	430	515	0	0	0	0
340	425	429	430	0	0	0	0
341	428	431	0	0	0	0	0
427	428	431	432	517	0	0	0
343	429	430	433	0	0	0	0
430	433	435	520	0	0	0	0
345	431	432	434	436	437	0	0
433	1298	1333	0	0	0	0	0
432	436	521	0	0	0	0	0
433	435	438	522	0	0	0	0
433	438	1333	0	0	0	0	0
436	437	439	525	1334	0	0	0
438	527	1335	0	0	0	0	0
441	443	535	1381	0	0	0	0
440	444	1382	0	0	0	0	0
444	1362	1382	0	0	0	0	0
440	444	537	0	0	0	0	0
346	441	442	443	445	446	447	538
347	444	448	0	0	0	0	0
444	449	540	0	0	0	0	0
444	448	449	0	0	0	0	0
350	445	447	450	0	0	0	0
446	447	450	542	0	0	0	0
352	448	449	451	452	543	0	0
353	450	453	0	0	0	0	0
450	453	454	546	0	0	0	0
356	451	452	455	456	0	0	0
452	455	548	0	0	0	0	0
453	454	457	549	0	0	0	0
358	453	457	0	0	0	0	0
361	455	456	458	459	552	0	0
362	457	460	461	0	0	0	0
457	460	462	554	0	0	0	0
458	459	463	0	0	0	0	0
365	458	463	0	0	0	0	0
459	463	556	0	0	0	0	0
367	460	461	462	464	465	466	557
368	463	467	0	0	0	0	0
463	468	559	0	0	0	0	0
463	467	468	0	0	0	0	0
371	464	466	469	0	0	0	0
465	466	469	561	0	0	0	0
373	467	468	470	562	0	0	0
377	469	471	472	565	0	0	0
378	470	473	474	0	0	0	0
470	473	475	567	0	0	0	0
471	472	476	0	0	0	0	0
380	471	476	0	0	0	0	0
472	476	569	0	0	0	0	0
383	473	474	475	477	478	479	570
384	476	480	0	0	0	0	0
476	481	572	0	0	0	0	0
476	480	481	0	0	0	0	0
387	477	479	482	0	0	0	0
478	479	482	574	0	0	0	0
389	480	481	483	484	575	0	0
390	482	485	0	0	0	0	0
482	485	486	578	0	0	0	0
393	483	484	487	488	0	0	0
484	487	580	0	0	0	0	0
485	486	489	581	0	0	0	0
395	485	489	0	0	0	0	0
398	487	488	490	491	584	0	0
399	489	492	493	0	0	0	0
489	492	494	586	0	0	0	0
490	491	495	0	0	0	0	0
402	490	495	0	0	0	0	0
491	495	587	0	0	0	0	0
404	492	493	494	496	497	588	0
405	495	498	0	0	0	0	0
495	498	499	591	0	0	0	0
408	496	497	500	501	0	0	0
497	500	593	0	0	0	0	0
498	499	502	594	0	0	0	0
410	498	502	0	0	0	0	0
413	500	501	503	504	597	0	0
414	502	505	506	0	0	0	0
502	505	507	599	0	0	0	0
503	504	508	0	0	0	0	0
417	503	508	0	0	0	0	0
504	508	601	0	0	0	0	0
420	505	506	507	509	510	511	602
421	508	512	0	0	0	0	0
508	513	604	0	0	0	0	0
508	512	513	0	0	0	0	0
424	509	511	514	0	0	0	0
510	511	514	606	0	0	0	0
426	512	513	515	516	607	0	0
427	514	517	0	0	0	0	0
514	517	518	610	0	0	0	0
430	515	516	519	520	0	0	0
516	519	612	0	0	0	0	0
517	518	521	613	0	0	0	0
432	517	521	0	0	0	0	0
435	519	520	522	523	524	616	0
436	521	525	0	0	0	0	0
521	526	618	0	0	0	0	0
521	525	526	0	0	0	0	0
438	522	524	527	0	0	0	0
523	524	527	619	0	0	0	0
439	525	526	528	529	620	0	0
527	1335	1365	0	0	0	0	0
527	530	623	1365	0	0	0	0
529	625	1366	0	0	0	0	0
532	534	634	1391	0	0	0	0
531	535	1392	0	0	0	0	0
535	1381	1392	0	0	0	0	0
531	535	637	0	0	0	0	0
440	532	533	534	536	537	638	0
535	539	641	0	0	0	0	0
443	535	538	539	0	0	0	0
444	537	540	0	0	0	0	0
536	537	540	541	643	0	0	0
446	538	539	542	0	0	0	0
539	542	646	0	0	0	0	0
449	540	541	543	544	647	0	0
450	542	545	546	0	0	0	0
542	545	547	649	0	0	0	0
543	544	548	0	0	0	0	0
452	543	548	0	0	0	0	0
544	548	652	0	0	0	0	0
454	545	546	547	549	550	551	653
455	548	552	0	0	0	0	0
548	553	656	0	0	0	0	0
548	552	553	0	0	0	0	0
457	549	551	554	0	0	0	0
550	551	554	659	0	0	0	0
459	552	553	555	556	660	0	0
554	558	663	0	0	0	0	0
462	554	557	558	0	0	0	0
463	556	559	0	0	0	0	0
555	556	559	560	665	0	0	0
465	557	558	561	0	0	0	0
558	561	668	0	0	0	0	0
468	559	560	562	563	564	669	0
469	561	565	0	0	0	0	0
561	566	671	0	0	0	0	0
561	565	566	0	0	0	0	0
470	562	564	567	0	0	0	0
563	564	567	674	0	0	0	0
472	565	566	568	569	675	0	0
567	571	678	0	0	0	0	0
475	567	570	571	0	0	0	0
476	569	572	0	0	0	0	0
568	569	572	573	680	0	0	0
478	570	571	574	0	0	0	0
571	574	683	0	0	0	0	0
481	572	573	575	576	684	0	0
482	574	577	578	0	0	0	0
574	577	579	686	0	0	0	0
575	576	580	0	0	0	0	0
484	575	580	0	0	0	0	0
576	580	689	0	0	0	0	0
486	577	578	579	581	582	583	690
487	580	584	0	0	0	0	0
580	585	693	0	0	0	0	0
580	584	585	0	0	0	0	0
489	581	583	586	0	0	0	0
582	583	586	695	0	0	0	0
491	584	585	587	696	0	0	0
494	586	588	589	700	0	0	0
495	587	590	591	0	0	0	0
587	590	592	702	0	0	0	0
588	589	593	0	0	0	0	0
497	588	593	0	0	0	0	0
589	593	705	0	0	0	0	0
499	590	591	592	594	595	596	706
500	593	597	0	0	0	0	0
593	598	708	0	0	0	0	0
593	597	598	0	0	0	0	0
502	594	596	599	0	0	0	0
595	596	599	711	0	0	0	0
504	597	598	600	601	712	0	0
599	603	715	0	0	0	0	0
507	599	602	603	0	0	0	0
508	601	604	0	0	0	0	0
600	601	604	605	717	0	0	0
510	602	603	606	0	0	0	0
603	606	720	0	0	0	0	0
513	604	605	607	608	721	0	0
514	606	609	610	0	0	0	0
606	609	611	723	0	0	0	0
607	608	612	0	0	0	0	0
516	607	612	0	0	0	0	0
608	612	726	0	0	0	0	0
518	609	610	611	613	614	615	727
519	612	616	0	0	0	0	0
612	617	730	0	0	0	0	0
612	616	617	0	0	0	0	0
521	613	615	618	0	0	0	0
614	615	618	732	0	0	0	0
523	616	617	619	733	0	0	0
526	618	620	621	737	0	0	0
527	619	622	623	0	0	0	0
619	622	624	739	0	0	0	0
620	621	625	0	0	0	0	0
529	620	625	0	0	0	0	0
621	625	742	0	0	0	0	0
530	622	623	624	626	627	628	743
625	1366	1383	0	0	0	0	0
625	629	745	0	0	0	0	0
625	629	1383	0	0	0	0	0
627	628	748	1384	0	0	0	0
1	7	633	1393	0	0	0	0
632	633	1390	1393	0	0	0	0
631	634	1391	0	0	0	0	0
630	631	634	635	754	0	0	0
531	632	633	636	637	0	0	0
633	636	639	755	0	0	0	0
634	635	640	0	0	0	0	0
534	634	638	640	0	0	0	0
535	637	641	0	0	0	0	0
635	640	756	0	0	0	0	0
636	637	639	641	642	757	0	0
536	638	640	643	0	0	0	0
640	643	644	760	0	0	0	0
539	641	642	645	646	0	0	0
642	645	762	0	0	0	0	0
643	644	648	763	0	0	0	0
541	643	647	648	0	0	0	0
542	646	649	0	0	0	0	0
645	646	649	650	766	0	0	0
544	647	648	651	652	0	0	0
648	651	654	768	0	0	0	0
649	650	655	0	0	0	0	0
547	649	653	655	0	0	0	0
548	652	656	0	0	0	0	0
650	655	770	0	0	0	0	0
651	652	654	656	657	658	771	0
550	653	655	659	0	0	0	0
655	661	773	0	0	0	0	0
655	659	661	0	0	0	0	0
553	656	658	660	662	0	0	0
554	659	663	0	0	0	0	0
657	658	662	775	0	0	0	0
659	661	663	664	776	0	0	0
555	660	662	665	0	0	0	0
662	665	666	779	0	0	0	0
558	663	664	667	668	0	0	0
664	667	781	0	0	0	0	0
665	666	670	782	0	0	0	0
560	665	669	670	0	0	0	0
561	668	671	0	0	0	0	0
667	668	671	672	673	785	0	0
563	669	670	674	0	0	0	0
670	676	787	0	0	0	0	0
670	674	676	0	0	0	0	0
566	671	673	675	677	0	0	0
567	674	678	0	0	0	0	0
672	673	677	788	0	0	0	0
674	676	678	679	789	0	0	0
568	675	677	680	0	0	0	0
677	680	681	792	0	0	0	0
571	678	679	682	683	0	0	0
679	682	794	0	0	0	0	0
680	681	685	795	0	0	0	0
573	680	684	685	0	0	0	0
574	683	686	0	0	0	0	0
682	683	686	687	798	0	0	0
576	684	685	688	689	0	0	0
685	688	691	800	0	0	0	0
686	687	692	0	0	0	0	0
579	686	690	692	0	0	0	0
580	689	693	0	0	0	0	0
687	692	801	0	0	0	0	0
688	689	691	693	694	802	0	0
582	690	692	695	0	0	0	0
692	695	697	805	0	0	0	0
585	693	694	696	698	0	0	0
586	695	699	700	0	0	0	0
694	698	807	0	0	0	0	0
695	697	699	701	808	0	0	0
696	698	702	0	0	0	0	0
587	696	702	0	0	0	0	0
698	702	703	811	0	0	0	0
589	699	700	701	704	705	0	0
701	704	813	0	0	0	0	0
702	703	707	814	0	0	0	0
592	702	706	707	0	0	0	0
593	705	708	0	0	0	0	0
704	705	708	709	710	817	0	0
595	706	707	711	0	0	0	0
707	713	819	0	0	0	0	0
707	711	713	0	0	0	0	0
598	708	710	712	714	0	0	0
599	711	715	0	0	0	0	0
709	710	714	820	0	0	0	0
711	713	715	716	821	0	0	0
600	712	714	717	0	0	0	0
714	717	718	824	0	0	0	0
603	715	716	719	720	0	0	0
716	719	826	0	0	0	0	0
717	718	722	827	0	0	0	0
605	717	721	722	0	0	0	0
606	720	723	0	0	0	0	0
719	720	723	724	830	0	0	0
608	721	722	725	726	0	0	0
722	725	728	832	0	0	0	0
723	724	729	0	0	0	0	0
611	723	727	729	0	0	0	0
612	726	730	0	0	0	0	0
724	729	833	0	0	0	0	0
725	726	728	730	731	834	0	0
614	727	729	732	0	0	0	0
729	732	734	837	0	0	0	0
617	730	731	733	735	736	0	0
618	732	737	0	0	0	0	0
731	735	839	0	0	0	0	0
732	734	738	840	0	0	0	0
732	737	738	0	0	0	0	0
619	733	736	739	0	0	0	0
735	736	739	740	843	0	0	0
621	737	738	741	742	0	0	0
738	741	845	0	0	0	0	0
739	740	744	846	0	0	0	0
624	739	743	744	0	0	0	0
625	742	745	0	0	0	0	0
741	742	745	746	747	849	0	0
627	743	744	748	0	0	0	0
744	750	851	0	0	0	0	0
744	748	750	0	0	0	0	0
629	745	747	749	751	0	0	0
748	752	1384	0	0	0	0	0
746	747	751	852	0	0	0	0
748	750	752	753	853	0	0	0
749	751	1385	1393	0	0	0	0
1	4	751	1393	0	0	0	0
7	9	633	755	0	0	0	0
10	25	635	754	756	0	0	0
639	755	757	758	854	0	0	0
640	756	759	760	0	0	0	0
756	759	761	855	0	0	0	0
757	758	762	0	0	0	0	0
642	757	762	0	0	0	0	0
758	762	857	0	0	0	0	0
644	759	760	761	763	764	765	858
645	762	766	0	0	0	0	0
762	767	860	0	0	0	0	0
762	766	767	0	0	0	0	0
648	763	765	768	0	0	0	0
764	765	768	863	0	0	0	0
650	766	767	769	770	864	0	0
768	772	867	0	0	0	0	0
654	768	771	772	0	0	0	0
655	770	773	0	0	0	0	0
769	770	773	774	869	0	0	0
657	771	772	775	0	0	0	0
772	775	872	0	0	0	0	0
661	773	774	776	777	873	0	0
662	775	778	779	0	0	0	0
775	778	780	875	0	0	0	0
776	777	781	0	0	0	0	0
664	776	781	0	0	0	0	0
777	781	878	0	0	0	0	0
666	778	779	780	782	783	784	879
667	781	785	0	0	0	0	0
781	786	882	0	0	0	0	0
781	785	786	0	0	0	0	0
670	782	784	787	0	0	0	0
783	784	787	884	0	0	0	0
672	785	786	788	885	0	0	0
676	787	789	790	889	0	0	0
677	788	791	792	0	0	0	0
788	791	793	891	0	0	0	0
789	790	794	0	0	0	0	0
679	789	794	0	0	0	0	0
790	794	894	0	0	0	0	0
681	791	792	793	795	796	797	895
682	794	798	0	0	0	0	0
794	799	897	0	0	0	0	0
794	798	799	0	0	0	0	0
685	795	797	800	0	0	0	0
796	797	800	899	0	0	0	0
687	798	799	801	900	0	0	0
691	800	802	803	904	0	0	0
692	801	804	805	0	0	0	0
801	804	806	906	0	0	0	0
802	803	807	0	0	0	0	0
694	802	807	0	0	0	0	0
803	807	909	0	0	0	0	0
697	804	805	806	808	809	910	0
698	807	810	811	0	0	0	0
807	810	812	912	0	0	0	0
808	809	813	0	0	0	0	0
701	808	813	0	0	0	0	0
809	813	915	0	0	0	0	0
703	810	811	812	814	815	816	916
704	813	817	0	0	0	0	0
813	818	919	0	0	0	0	0
813	817	818	0	0	0	0	0
707	814	816	819	0	0	0	0
815	816	819	921	0	0	0	0
709	817	818	820	922	0	0	0
713	819	821	822	926	0	0	0
714	820	823	824	0	0	0	0
820	823	825	928	0	0	0	0
821	822	826	0	0	0	0	0
716	821	826	0	0	0	0	0
822	826	931	0	0	0	0	0
718	823	824	825	827	828	829	932
719	826	830	0	0	0	0	0
826	831	934	0	0	0	0	0
826	830	831	0	0	0	0	0
722	827	829	832	0	0	0	0
828	829	832	936	0	0	0	0
724	830	831	833	937	0	0	0
728	832	834	835	941	0	0	0
729	833	836	837	0	0	0	0
833	836	838	943	0	0	0	0
834	835	839	0	0	0	0	0
731	834	839	0	0	0	0	0
835	839	946	0	0	0	0	0
734	836	837	838	840	841	842	947
735	839	843	0	0	0	0	0
839	844	949	0	0	0	0	0
839	843	844	0	0	0	0	0
738	840	842	845	0	0	0	0
841	842	845	952	0	0	0	0
740	843	844	846	847	848	953	0
741	845	849	0	0	0	0	0
845	850	956	0	0	0	0	0
845	849	850	0	0	0	0	0
744	846	848	851	0	0	0	0
847	848	851	958	0	0	0	0
746	849	850	852	959	0	0	0
2	14	750	851	853	0	0	0
3	4	751	852	0	0	0	0
25	756	855	0	0	0	0	0
28	29	758	854	856	857	0	0
30	55	855	859	0	0	0	0
761	855	858	859	0	0	0	0
762	857	860	0	0	0	0	0
856	857	860	861	862	960	0	0
764	858	859	863	0	0	0	0
859	865	961	0	0	0	0	0
859	863	865	0	0	0	0	0
767	860	862	864	866	0	0	0
768	863	867	0	0	0	0	0
861	862	866	962	0	0	0	0
863	865	867	868	963	0	0	0
769	864	866	869	0	0	0	0
866	869	870	966	0	0	0	0
772	867	868	871	872	0	0	0
868	871	968	0	0	0	0	0
869	870	874	969	0	0	0	0
774	869	873	874	0	0	0	0
775	872	875	0	0	0	0	0
871	872	875	876	972	0	0	0
777	873	874	877	878	0	0	0
874	877	880	974	0	0	0	0
875	876	881	0	0	0	0	0
780	875	879	881	0	0	0	0
781	878	882	0	0	0	0	0
876	881	975	0	0	0	0	0
877	878	880	882	883	976	0	0
783	879	881	884	0	0	0	0
881	884	886	979	0	0	0	0
786	882	883	885	887	888	0	0
787	884	889	0	0	0	0	0
883	887	981	0	0	0	0	0
884	886	890	982	0	0	0	0
884	889	890	0	0	0	0	0
788	885	888	891	0	0	0	0
887	888	891	892	985	0	0	0
790	889	890	893	894	0	0	0
890	893	987	0	0	0	0	0
891	892	896	988	0	0	0	0
793	891	895	896	0	0	0	0
794	894	897	0	0	0	0	0
893	894	897	898	990	0	0	0
796	895	896	899	0	0	0	0
896	899	901	993	0	0	0	0
799	897	898	900	902	0	0	0
800	899	903	904	0	0	0	0
898	902	994	0	0	0	0	0
899	901	903	905	995	0	0	0
900	902	906	0	0	0	0	0
801	900	906	0	0	0	0	0
902	906	907	998	0	0	0	0
803	903	904	905	908	909	0	0
905	908	1000	0	0	0	0	0
906	907	911	1001	0	0	0	0
806	906	910	911	0	0	0	0
807	909	912	0	0	0	0	0
908	909	912	913	1004	0	0	0
809	910	911	914	915	0	0	0
911	914	917	1006	0	0	0	0
912	913	918	0	0	0	0	0
812	912	916	918	0	0	0	0
813	915	919	0	0	0	0	0
913	918	1007	0	0	0	0	0
914	915	917	919	920	1008	0	0
815	916	918	921	0	0	0	0
918	921	923	1011	0	0	0	0
818	919	920	922	924	925	0	0
819	921	926	0	0	0	0	0
920	924	1013	0	0	0	0	0
921	923	927	1014	0	0	0	0
921	926	927	0	0	0	0	0
820	922	925	928	0	0	0	0
924	925	928	929	1017	0	0	0
822	926	927	930	931	0	0	0
927	930	1019	0	0	0	0	0
928	929	933	1020	0	0	0	0
825	928	932	933	0	0	0	0
826	931	934	0	0	0	0	0
930	931	934	935	1022	0	0	0
828	932	933	936	0	0	0	0
933	936	938	1025	0	0	0	0
831	934	935	937	939	0	0	0
832	936	940	941	0	0	0	0
935	939	1026	0	0	0	0	0
936	938	940	942	1027	0	0	0
937	939	943	0	0	0	0	0
833	937	943	0	0	0	0	0
939	943	944	1030	0	0	0	0
835	940	941	942	945	946	0	0
942	945	1032	0	0	0	0	0
943	944	948	1033	0	0	0	0
838	943	947	948	0	0	0	0
839	946	949	0	0	0	0	0
945	946	949	950	951	1036	0	0
841	947	948	952	0	0	0	0
948	954	1038	0	0	0	0	0
948	952	954	0	0	0	0	0
844	949	951	953	955	0	0	0
845	952	956	0	0	0	0	0
950	951	955	1039	0	0	0	0
952	954	956	957	1040	0	0	0
847	953	955	958	0	0	0	0
11	33	955	958	0	0	0	0
12	13	850	956	957	959	0	0
14	851	958	0	0	0	0	0
55	57	859	961	0	0	0	0
58	95	861	960	962	0	0	0
865	961	963	964	1041	0	0	0
866	962	965	966	0	0	0	0
962	965	967	1042	0	0	0	0
963	964	968	0	0	0	0	0
868	963	968	0	0	0	0	0
964	968	1044	0	0	0	0	0
870	965	966	967	969	970	971	1045
871	968	972	0	0	0	0	0
968	973	1047	0	0	0	0	0
968	972	973	0	0	0	0	0
874	969	971	974	0	0	0	0
970	971	974	1049	0	0	0	0
876	972	973	975	1050	0	0	0
880	974	976	977	1054	0	0	0
881	975	978	979	0	0	0	0
975	978	980	1056	0	0	0	0
976	977	981	0	0	0	0	0
883	976	981	0	0	0	0	0
977	981	1059	0	0	0	0	0
886	978	979	980	982	983	984	1060
887	981	985	0	0	0	0	0
981	986	1062	0	0	0	0	0
981	985	986	0	0	0	0	0
890	982	984	987	0	0	0	0
983	984	987	1064	0	0	0	0
892	985	986	988	989	1065	0	0
893	987	990	0	0	0	0	0
987	990	991	1069	0	0	0	0
896	988	989	992	993	0	0	0
989	992	1071	0	0	0	0	0
990	991	994	1072	0	0	0	0
898	990	994	0	0	0	0	0
901	992	993	995	996	1076	0	0
902	994	997	998	0	0	0	0
994	997	999	1078	0	0	0	0
995	996	1000	0	0	0	0	0
905	995	1000	0	0	0	0	0
996	1000	1081	0	0	0	0	0
907	997	998	999	1001	1002	1003	1082
908	1000	1004	0	0	0	0	0
1000	1005	1084	0	0	0	0	0
1000	1004	1005	0	0	0	0	0
911	1001	1003	1006	0	0	0	0
1002	1003	1006	1086	0	0	0	0
913	1004	1005	1007	1087	0	0	0
917	1006	1008	1009	1091	0	0	0
918	1007	1010	1011	0	0	0	0
1007	1010	1012	1093	0	0	0	0
1008	1009	1013	0	0	0	0	0
920	1008	1013	0	0	0	0	0
1009	1013	1096	0	0	0	0	0
923	1010	1011	1012	1014	1015	1016	1097
924	1013	1017	0	0	0	0	0
1013	1018	1099	0	0	0	0	0
1013	1017	1018	0	0	0	0	0
927	1014	1016	1019	0	0	0	0
1015	1016	1019	1101	0	0	0	0
929	1017	1018	1020	1021	1102	0	0
930	1019	1022	0	0	0	0	0
1019	1022	1023	1106	0	0	0	0
933	1020	1021	1024	1025	0	0	0
1021	1024	1108	0	0	0	0	0
1022	1023	1026	1109	0	0	0	0
935	1022	1026	0	0	0	0	0
938	1024	1025	1027	1028	1113	0	0
939	1026	1029	1030	0	0	0	0
1026	1029	1031	1115	0	0	0	0
1027	1028	1032	0	0	0	0	0
942	1027	1032	0	0	0	0	0
1028	1032	1118	0	0	0	0	0
944	1029	1030	1031	1033	1034	1035	1119
945	1032	1036	0	0	0	0	0
1032	1037	1121	0	0	0	0	0
1032	1036	1037	0	0	0	0	0
948	1033	1035	1038	0	0	0	0
1034	1035	1038	1123	0	0	0	0
950	1036	1037	1039	1124	0	0	0
31	62	954	1038	1040	0	0	0
32	33	955	1039	0	0	0	0
95	98	962	1042	0	0	0	0
99	964	1041	1043	1044	0	0	0
100	143	1042	1046	0	0	0	0
967	1042	1045	1046	0	0	0	0
968	1044	1047	0	0	0	0	0
1043	1044	1047	1048	1125	0	0	0
970	1045	1046	1049	0	0	0	0
1046	1049	1051	1127	0	0	0	0
973	1047	1048	1050	1052	0	0	0
974	1049	1053	1054	0	0	0	0
1048	1052	1128	0	0	0	0	0
1049	1051	1053	1055	1129	0	0	0
1050	1052	1056	0	0	0	0	0
975	1050	1056	0	0	0	0	0
1052	1056	1057	1132	0	0	0	0
977	1053	1054	1055	1058	1059	0	0
1055	1058	1134	0	0	0	0	0
1056	1057	1061	1135	0	0	0	0
980	1056	1060	1061	0	0	0	0
981	1059	1062	0	0	0	0	0
1058	1059	1062	1063	1137	0	0	0
983	1060	1061	1064	0	0	0	0
1061	1064	1066	1140	0	0	0	0
986	1062	1063	1065	1067	0	0	0
987	1064	1068	1069	0	0	0	0
1063	1067	1141	0	0	0	0	0
1064	1066	1068	1070	1142	0	0	0
1065	1067	1071	0	0	0	0	0
989	1065	1071	0	0	0	0	0
1067	1071	1073	1145	0	0	0	0
991	1068	1069	1070	1072	1074	1075	0
992	1071	1076	0	0	0	0	0
1070	1074	1147	0	0	0	0	0
1071	1073	1077	1148	0	0	0	0
1071	1076	1077	0	0	0	0	0
994	1072	1075	1078	0	0	0	0
1074	1075	1078	1079	1151	0	0	0
996	1076	1077	1080	1081	0	0	0
1077	1080	1153	0	0	0	0	0
1078	1079	1083	1154	0	0	0	0
999	1078	1082	1083	0	0	0	0
1000	1081	1084	0	0	0	0	0
1080	1081	1084	1085	1156	0	0	0
1002	1082	1083	1086	0	0	0	0
1083	1086	1088	1159	0	0	0	0
1005	1084	1085	1087	1089	0	0	0
1006	1086	1090	1091	0	0	0	0
1085	1089	1160	0	0	0	0	0
1086	1088	1090	1092	1161	0	0	0
1087	1089	1093	0	0	0	0	0
1007	1087	1093	0	0	0	0	0
1089	1093	1094	1164	0	0	0	0
1009	1090	1091	1092	1095	1096	0	0
1092	1095	1166	0	0	0	0	0
1093	1094	1098	1167	0	0	0	0
1012	1093	1097	1098	0	0	0	0
1013	1096	1099	0	0	0	0	0
1095	1096	1099	1100	1169	0	0	0
1015	1097	1098	1101	0	0	0	0
1098	1101	1103	1172	0	0	0	0
1018	1099	1100	1102	1104	0	0	0
1019	1101	1105	1106	0	0	0	0
1100	1104	1173	0	0	0	0	0
1101	1103	1105	1107	1174	0	0	0
1102	1104	1108	0	0	0	0	0
1021	1102	1108	0	0	0	0	0
1104	1108	1110	1177	0	0	0	0
1023	1105	1106	1107	1109	1111	1112	0
1024	1108	1113	0	0	0	0	0
1107	1111	1179	0	0	0	0	0
1108	1110	1114	1180	0	0	0	0
1108	1113	1114	0	0	0	0	0
1026	1109	1112	1115	0	0	0	0
1111	1112	1115	1116	1183	0	0	0
1028	1113	1114	1117	1118	0	0	0
1114	1117	1185	0	0	0	0	0
1115	1116	1120	1186	0	0	0	0
1031	1115	1119	1120	0	0	0	0
1032	1118	1121	0	0	0	0	0
1117	1118	1121	1122	1188	0	0	0
1034	1119	1120	1123	0	0	0	0
59	103	1120	1123	0	0	0	0
60	61	1037	1121	1122	1124	0	0
62	1038	1123	0	0	0	0	0
143	144	1046	1126	1127	0	0	0
145	196	1125	1128	0	0	0	0
1048	1125	1128	0	0	0	0	0
1051	1126	1127	1129	1130	1189	0	0
1052	1128	1131	1132	0	0	0	0
1128	1131	1133	1190	0	0	0	0
1129	1130	1134	0	0	0	0	0
1055	1129	1134	0	0	0	0	0
1130	1134	1191	0	0	0	0	0
1057	1131	1132	1133	1135	1136	1192	0
1058	1134	1137	0	0	0	0	0
1134	1137	1138	1195	0	0	0	0
1061	1135	1136	1139	1140	0	0	0
1136	1139	1197	0	0	0	0	0
1137	1138	1141	1198	0	0	0	0
1063	1137	1141	0	0	0	0	0
1066	1139	1140	1142	1143	1201	0	0
1067	1141	1144	1145	0	0	0	0
1141	1144	1146	1203	0	0	0	0
1142	1143	1147	0	0	0	0	0
1070	1142	1147	0	0	0	0	0
1143	1147	1205	0	0	0	0	0
1073	1144	1145	1146	1148	1149	1150	1206
1074	1147	1151	0	0	0	0	0
1147	1152	1208	0	0	0	0	0
1147	1151	1152	0	0	0	0	0
1077	1148	1150	1153	0	0	0	0
1149	1150	1153	1210	0	0	0	0
1079	1151	1152	1154	1155	1211	0	0
1080	1153	1156	0	0	0	0	0
1153	1156	1157	1214	0	0	0	0
1083	1154	1155	1158	1159	0	0	0
1155	1158	1216	0	0	0	0	0
1156	1157	1160	1217	0	0	0	0
1085	1156	1160	0	0	0	0	0
1088	1158	1159	1161	1162	1220	0	0
1089	1160	1163	1164	0	0	0	0
1160	1163	1165	1222	0	0	0	0
1161	1162	1166	0	0	0	0	0
1092	1161	1166	0	0	0	0	0
1162	1166	1223	0	0	0	0	0
1094	1163	1164	1165	1167	1168	1224	0
1095	1166	1169	0	0	0	0	0
1166	1169	1170	1227	0	0	0	0
1098	1167	1168	1171	1172	0	0	0
1168	1171	1229	0	0	0	0	0
1169	1170	1173	1230	0	0	0	0
1100	1169	1173	0	0	0	0	0
1103	1171	1172	1174	1175	1233	0	0
1104	1173	1176	1177	0	0	0	0
1173	1176	1178	1235	0	0	0	0
1174	1175	1179	0	0	0	0	0
1107	1174	1179	0	0	0	0	0
1175	1179	1237	0	0	0	0	0
1110	1176	1177	1178	1180	1181	1182	1238
1111	1179	1183	0	0	0	0	0
1179	1184	1240	0	0	0	0	0
1179	1183	1184	0	0	0	0	0
1114	1180	1182	1185	0	0	0	0
1181	1182	1185	1242	0	0	0	0
1116	1183	1184	1186	1187	1243	0	0
1117	1185	1188	0	0	0	0	0
101	148	1185	1188	0	0	0	0
102	103	1120	1186	1187	0	0	0
196	198	1128	1190	0	0	0	0
199	267	1130	1189	1191	0	0	0
1133	1190	1192	1193	1244	0	0	0
1134	1191	1194	1195	0	0	0	0
1191	1194	1196	1245	0	0	0	0
1192	1193	1197	0	0	0	0	0
1136	1192	1197	0	0	0	0	0
1193	1197	1247	0	0	0	0	0
1138	1194	1195	1196	1198	1199	1200	1248
1139	1197	1201	0	0	0	0	0
1197	1202	1250	0	0	0	0	0
1197	1201	1202	0	0	0	0	0
1141	1198	1200	1203	0	0	0	0
1199	1200	1203	1253	0	0	0	0
1143	1201	1202	1204	1205	1254	0	0
1203	1207	1257	0	0	0	0	0
1146	1203	1206	1207	0	0	0	0
1147	1205	1208	0	0	0	0	0
1204	1205	1208	1209	1259	0	0	0
1149	1206	1207	1210	0	0	0	0
1207	1210	1262	0	0	0	0	0
1152	1208	1209	1211	1212	1263	0	0
1153	1210	1213	1214	0	0	0	0
1210	1213	1215	1265	0	0	0	0
1211	1212	1216	0	0	0	0	0
1155	1211	1216	0	0	0	0	0
1212	1216	1268	0	0	0	0	0
1157	1213	1214	1215	1217	1218	1219	1269
1158	1216	1220	0	0	0	0	0
1216	1221	1272	0	0	0	0	0
1216	1220	1221	0	0	0	0	0
1160	1217	1219	1222	0	0	0	0
1218	1219	1222	1274	0	0	0	0
1162	1220	1221	1223	1275	0	0	0
1165	1222	1224	1225	1279	0	0	0
1166	1223	1226	1227	0	0	0	0
1223	1226	1228	1281	0	0	0	0
1224	1225	1229	0	0	0	0	0
1168	1224	1229	0	0	0	0	0
1225	1229	1284	0	0	0	0	0
1170	1226	1227	1228	1230	1231	1232	1285
1171	1229	1233	0	0	0	0	0
1229	1234	1287	0	0	0	0	0
1229	1233	1234	0	0	0	0	0
1173	1230	1232	1235	0	0	0	0
1231	1232	1235	1290	0	0	0	0
1175	1233	1234	1236	1237	1291	0	0
1235	1239	1294	0	0	0	0	0
1178	1235	1238	1239	0	0	0	0
1179	1237	1240	0	0	0	0	0
1236	1237	1240	1241	1296	0	0	0
1181	1238	1239	1242	0	0	0	0
202	1239	1242	0	0	0	0	0
146	203	1184	1240	1241	1243	0	0
147	148	1185	1242	0	0	0	0
267	1191	1245	0	0	0	0	0
270	271	1193	1244	1246	1247	0	0
272	342	1245	1249	0	0	0	0
1196	1245	1248	1249	0	0	0	0
1197	1247	1250	0	0	0	0	0
1246	1247	1250	1251	1252	1297	0	0
1199	1248	1249	1253	0	0	0	0
1249	1255	1298	0	0	0	0	0
1249	1253	1255	0	0	0	0	0
1202	1250	1252	1254	1256	0	0	0
1203	1253	1257	0	0	0	0	0
1251	1252	1256	1299	0	0	0	0
1253	1255	1257	1258	1300	0	0	0
1204	1254	1256	1259	0	0	0	0
1256	1259	1260	1303	0	0	0	0
1207	1257	1258	1261	1262	0	0	0
1258	1261	1305	0	0	0	0	0
1259	1260	1264	1306	0	0	0	0
1209	1259	1263	1264	0	0	0	0
1210	1262	1265	0	0	0	0	0
1261	1262	1265	1266	1309	0	0	0
1212	1263	1264	1267	1268	0	0	0
1264	1267	1270	1311	0	0	0	0
1265	1266	1271	0	0	0	0	0
1215	1265	1269	1271	0	0	0	0
1216	1268	1272	0	0	0	0	0
1266	1271	1312	0	0	0	0	0
1267	1268	1270	1272	1273	1313	0	0
1218	1269	1271	1274	0	0	0	0
1271	1274	1276	1316	0	0	0	0
1221	1272	1273	1275	1277	0	0	0
1222	1274	1278	1279	0	0	0	0
1273	1277	1318	0	0	0	0	0
1274	1276	1278	1280	1319	0	0	0
1275	1277	1281	0	0	0	0	0
1223	1275	1281	0	0	0	0	0
1277	1281	1282	1322	0	0	0	0
1225	1278	1279	1280	1283	1284	0	0
1280	1283	1324	0	0	0	0	0
1281	1282	1286	1325	0	0	0	0
1228	1281	1285	1286	0	0	0	0
1229	1284	1287	0	0	0	0	0
1283	1284	1287	1288	1289	1328	0	0
1231	1285	1286	1290	0	0	0	0
1286	1292	1330	0	0	0	0	0
1286	1290	1292	0	0	0	0	0
1234	1287	1289	1291	1293	0	0	0
1235	1290	1294	0	0	0	0	0
1288	1289	1293	1331	0	0	0	0
1290	1292	1294	1295	1332	0	0	0
1236	1291	1293	1296	0	0	0	0
200	275	1293	1296	0	0	0	0
201	202	1239	1294	1295	0	0	0
342	344	1249	1298	0	0	0	0
345	434	1251	1297	1299	0	0	0
1255	1298	1300	1301	1333	0	0	0
1256	1299	1302	1303	0	0	0	0
1299	1302	1304	1334	0	0	0	0
1300	1301	1305	0	0	0	0	0
1258	1300	1305	0	0	0	0	0
1301	1305	1336	0	0	0	0	0
1260	1302	1303	1304	1306	1307	1308	1337
1261	1305	1309	0	0	0	0	0
1305	1310	1339	0	0	0	0	0
1305	1309	1310	0	0	0	0	0
1264	1306	1308	1311	0	0	0	0
1307	1308	1311	1341	0	0	0	0
1266	1309	1310	1312	1342	0	0	0
1270	1311	1313	1314	1346	0	0	0
1271	1312	1315	1316	0	0	0	0
1312	1315	1317	1348	0	0	0	0
1313	1314	1318	0	0	0	0	0
1273	1313	1318	0	0	0	0	0
1314	1318	1351	0	0	0	0	0
1276	1315	1316	1317	1319	1320	1352	0
1277	1318	1321	1322	0	0	0	0
1318	1321	1323	1354	0	0	0	0
1319	1320	1324	0	0	0	0	0
1280	1319	1324	0	0	0	0	0
1320	1324	1357	0	0	0	0	0
1282	1321	1322	1323	1325	1326	1327	1358
1283	1324	1328	0	0	0	0	0
1324	1329	1361	0	0	0	0	0
1324	1328	1329	0	0	0	0	0
1286	1325	1327	1330	0	0	0	0
1326	1327	1330	1363	0	0	0	0
1288	1328	1329	1331	1364	0	0	0
273	349	1292	1330	1332	0	0	0
274	275	1293	1331	0	0	0	0
434	437	1299	1334	0	0	0	0
438	1301	1333	1335	1336	0	0	0
439	528	1334	1338	0	0	0	0
1304	1334	1337	1338	0	0	0	0
1305	1336	1339	0	0	0	0	0
1335	1336	1339	1340	1365	0	0	0
1307	1337	1338	1341	0	0	0	0
1338	1341	1343	1367	0	0	0	0
1310	1339	1340	1342	1344	0	0	0
1311	1341	1345	1346	0	0	0	0
1340	1344	1368	0	0	0	0	0
1341	1343	1345	1347	1369	0	0	0
1342	1344	1348	0	0	0	0	0
1312	1342	1348	0	0	0	0	0
1344	1348	1349	1372	0	0	0	0
1314	1345	1346	1347	1350	1351	0	0
1347	1350	1374	0	0	0	0	0
1348	1349	1353	1375	0	0	0	0
1317	1348	1352	1353	0	0	0	0
1318	1351	1354	0	0	0	0	0
1350	1351	1354	1355	1378	0	0	0
1320	1352	1353	1356	1357	0	0	0
1353	1356	1359	1380	0	0	0	0
1354	1355	1360	0	0	0	0	0
1323	1354	1358	1360	0	0	0	0
1324	1357	1361	0	0	0	0	0
1355	1360	1381	0	0	0	0	0
1356	1357	1359	1361	1362	1382	0	0
1326	1358	1360	1363	0	0	0	0
346	442	1360	1363	0	0	0	0
347	348	1329	1361	1362	1364	0	0
349	1330	1363	0	0	0	0	0
528	529	1338	1366	1367	0	0	0
530	626	1365	1368	0	0	0	0
1340	1365	1368	0	0	0	0	0
1343	1366	1367	1369	1370	1383	0	0
1344	1368	1371	1372	0	0	0	0
1368	1371	1373	1384	0	0	0	0
1369	1370	1374	0	0	0	0	0
1347	1369	1374	0	0	0	0	0
1370	1374	1386	0	0	0	0	0
1349	1371	1372	1373	1375	1376	1377	1387
1350	1374	1378	0	0	0	0	0
1374	1379	1389	0	0	0	0	0
1374	1378	1379	0	0	0	0	0
1353	1375	1377	1380	0	0	0	0
1376	1377	1380	1391	0	0	0	0
1355	1378	1379	1381	1392	0	0	0
440	533	1359	1380	1382	0	0	0
441	442	1360	1381	0	0	0	0
626	628	1368	1384	0	0	0	0
629	749	1370	1383	1385	1386	0	0
752	1384	1388	0	0	0	0	0
1373	1384	1387	1388	0	0	0	0
1374	1386	1389	0	0	0	0	0
1385	1386	1389	1390	1393	0	0	0
1376	1387	1388	1391	0	0	0	0
631	1388	1391	0	0	0	0	0
531	632	1379	1389	1390	1392	0	0
532	533	1380	1391	0	0	0	0
630	631	752	753	1388	0	0	0
